x den vel pres
0.000625 0.445 0.698 3.6
0.001875 0.445 0.698 3.6
0.003125 0.445 0.698 3.6
0.004375 0.445 0.698 3.6
0.005625 0.445 0.698 3.6
0.006875 0.445 0.698 3.6
0.008125 0.445 0.698 3.6
0.009375 0.445 0.698 3.6
0.010625 0.445 0.698 3.6
0.011875 0.445 0.698 3.6
0.013125 0.445 0.698 3.6
0.014375 0.445 0.698 3.6
0.015625 0.445 0.698 3.6
0.016875 0.445 0.698 3.6
0.018125 0.445 0.698 3.6
0.019375 0.445 0.698 3.6
0.020625 0.445 0.698 3.6
0.021875 0.445 0.698 3.6
0.023125 0.445 0.698 3.6
0.024375 0.445 0.698 3.6
0.025625 0.445 0.698 3.6
0.026875 0.445 0.698 3.6
0.028125 0.445 0.698 3.6
0.029375 0.445 0.698 3.6
0.030625 0.445 0.698 3.6
0.031875 0.445 0.698 3.6
0.033125 0.445 0.698 3.6
0.034375 0.445 0.698 3.6
0.035625 0.445 0.698 3.6
0.036875 0.445 0.698 3.6
0.038125 0.445 0.698 3.6
0.039375 0.445 0.698 3.6
0.040625 0.445 0.698 3.6
0.041875 0.445 0.698 3.6
0.043125 0.445 0.698 3.6
0.044375 0.445 0.698 3.6
0.045625 0.445 0.698 3.6
0.046875 0.445 0.698 3.6
0.048125 0.445 0.698 3.6
0.049375 0.445 0.698 3.6
0.050625 0.445 0.698 3.6
0.051875 0.445 0.698 3.6
0.053125 0.445 0.698 3.6
0.054375 0.445 0.698 3.6
0.055625 0.445 0.698 3.6
0.056875 0.445 0.698 3.6
0.058125 0.445 0.698 3.6
0.059375 0.445 0.698 3.6
0.060625 0.445 0.698 3.6
0.061875 0.445 0.698 3.6
0.063125 0.445 0.698 3.6
0.064375 0.445 0.698 3.6
0.065625 0.445 0.698 3.6
0.066875 0.445 0.698 3.6
0.068125 0.445 0.698 3.6
0.069375 0.445 0.698 3.6
0.070625 0.445 0.698 3.6
0.071875 0.445 0.698 3.6
0.073125 0.445 0.698 3.6
0.074375 0.445 0.698 3.6
0.075625 0.445 0.698 3.6
0.076875 0.445 0.698 3.6
0.078125 0.445 0.698 3.6
0.079375 0.445 0.698 3.6
0.080625 0.445 0.698 3.6
0.081875 0.445 0.698 3.6
0.083125 0.445 0.698 3.6
0.084375 0.445 0.698 3.6
0.085625 0.445 0.698 3.6
0.086875 0.445 0.698 3.6
0.088125 0.445 0.698 3.6
0.089375 0.445 0.698 3.6
0.090625 0.445 0.698 3.6
0.091875 0.445 0.698 3.6
0.093125 0.445 0.698 3.6
0.094375 0.445 0.698 3.6
0.095625 0.445 0.698 3.6
0.096875 0.445 0.698 3.6
0.098125 0.445 0.698001 3.6
0.099375 0.445 0.698001 3.6
0.100625 0.445 0.698002 3.6
0.101875 0.444999 0.698004 3.59999
0.103125 0.444999 0.698007 3.59999
0.104375 0.444998 0.698014 3.59998
0.105625 0.444997 0.698025 3.59996
0.106875 0.444994 0.698044 3.59993
0.108125 0.44499 0.698077 3.59988
0.109375 0.444982 0.698133 3.5998
0.110625 0.44497 0.698225 3.59966
0.111875 0.44495 0.698375 3.59944
0.113125 0.444919 0.698612 3.59908
0.114375 0.44487 0.698981 3.59853
0.115625 0.444796 0.699542 3.59769
0.116875 0.444686 0.700374 3.59645
0.118125 0.444527 0.70158 3.59464
0.119375 0.444302 0.703281 3.5921
0.120625 0.443999 0.705579 3.58866
0.121875 0.443617 0.708474 3.58434
0.123125 0.443162 0.711922 3.5792
0.124375 0.442641 0.715877 3.57331
0.125625 0.442061 0.720288 3.56675
0.126875 0.441428 0.725105 3.5596
0.128125 0.440749 0.730275 3.55194
0.129375 0.440031 0.73575 3.54384
0.130625 0.439279 0.741486 3.53538
0.131875 0.4385 0.747444 3.5266
0.133125 0.437698 0.753588 3.51757
0.134375 0.436877 0.759888 3.50833
0.135625 0.436039 0.766318 3.49892
0.136875 0.435189 0.772857 3.48938
0.138125 0.434329 0.779488 3.47972
0.139375 0.43346 0.786195 3.46998
0.140625 0.432584 0.792966 3.46016
0.141875 0.431702 0.799792 3.45029
0.143125 0.430816 0.806665 3.44038
0.144375 0.429926 0.813577 3.43044
0.145625 0.429033 0.820522 3.42047
0.146875 0.428138 0.827497 3.41048
0.148125 0.427241 0.834498 3.40049
0.149375 0.426343 0.841521 3.39049
0.150625 0.425444 0.848563 3.38048
0.151875 0.424544 0.855624 3.37047
0.153125 0.423644 0.8627 3.36047
0.154375 0.422743 0.86979 3.35047
0.155625 0.421843 0.876894 3.34048
0.156875 0.420942 0.884009 3.3305
0.158125 0.420041 0.891135 3.32053
0.159375 0.419141 0.898271 3.31057
0.160625 0.418242 0.905415 3.30063
0.161875 0.417342 0.912568 3.2907
0.163125 0.416444 0.919728 3.28078
0.164375 0.415546 0.926895 3.27088
0.165625 0.414648 0.934069 3.261
0.166875 0.413752 0.941248 3.25113
0.168125 0.412857 0.948433 3.24129
0.169375 0.411962 0.955623 3.23146
0.170625 0.411068 0.962817 3.22165
0.171875 0.410176 0.970016 3.21186
0.173125 0.409284 0.977219 3.20209
0.174375 0.408394 0.984425 3.19234
0.175625 0.407505 0.991635 3.18262
0.176875 0.406616 0.998848 3.17291
0.178125 0.405729 1.00606 3.16322
0.179375 0.404844 1.01328 3.15356
0.180625 0.403959 1.0205 3.14392
0.181875 0.403076 1.02773 3.1343
0.183125 0.402194 1.03495 3.1247
0.184375 0.401313 1.04218 3.11513
0.185625 0.400434 1.04941 3.10558
0.186875 0.399556 1.05664 3.09605
0.188125 0.398679 1.06387 3.08654
0.189375 0.397804 1.07111 3.07706
0.190625 0.39693 1.07834 3.0676
0.191875 0.396058 1.08558 3.05816
0.193125 0.395187 1.09282 3.04875
0.194375 0.394317 1.10006 3.03936
0.195625 0.393449 1.1073 3.03
0.196875 0.392582 1.11454 3.02066
0.198125 0.391717 1.12178 3.01134
0.199375 0.390853 1.12902 3.00205
0.200625 0.389991 1.13626 2.99278
0.201875 0.38913 1.1435 2.98353
0.203125 0.38827 1.15074 2.97431
0.204375 0.387412 1.15798 2.96512
0.205625 0.386556 1.16523 2.95594
0.206875 0.385701 1.17247 2.9468
0.208125 0.384848 1.17971 2.93767
0.209375 0.383996 1.18695 2.92858
0.210625 0.383146 1.19419 2.9195
0.211875 0.382297 1.20143 2.91045
0.213125 0.38145 1.20867 2.90143
0.214375 0.380605 1.21591 2.89243
0.215625 0.379761 1.22315 2.88345
0.216875 0.378918 1.23039 2.8745
0.218125 0.378078 1.23763 2.86558
0.219375 0.377238 1.24487 2.85668
0.220625 0.376401 1.2521 2.8478
0.221875 0.375565 1.25934 2.83895
0.223125 0.374731 1.26657 2.83012
0.224375 0.373898 1.2738 2.82132
0.225625 0.373067 1.28103 2.81255
0.226875 0.372237 1.28826 2.8038
0.228125 0.37141 1.29549 2.79507
0.229375 0.370584 1.30272 2.78637
0.230625 0.369759 1.30994 2.7777
0.231875 0.368937 1.31716 2.76905
0.233125 0.368116 1.32438 2.76043
0.234375 0.367296 1.3316 2.75183
0.235625 0.366479 1.33881 2.74326
0.236875 0.365663 1.34602 2.73472
0.238125 0.364849 1.35323 2.7262
0.239375 0.364037 1.36044 2.71771
0.240625 0.363227 1.36764 2.70925
0.241875 0.362419 1.37483 2.70081
0.243125 0.361613 1.38203 2.6924
0.244375 0.360808 1.38922 2.68402
0.245625 0.360006 1.3964 2.67566
0.246875 0.359205 1.40358 2.66734
0.248125 0.358407 1.41075 2.65904
0.249375 0.357611 1.41792 2.65078
0.250625 0.356817 1.42508 2.64254
0.251875 0.356025 1.43222 2.63434
0.253125 0.355236 1.43936 2.62617
0.254375 0.35445 1.44649 2.61803
0.255625 0.353666 1.45361 2.60994
0.256875 0.352886 1.4607 2.60188
0.258125 0.352109 1.46778 2.59386
0.259375 0.351337 1.47483 2.5859
0.260625 0.350569 1.48186 2.57799
0.261875 0.349807 1.48884 2.57015
0.263125 0.349052 1.49577 2.56238
0.264375 0.348305 1.50263 2.55471
0.265625 0.347568 1.50941 2.54715
0.266875 0.346845 1.51608 2.53974
0.268125 0.346139 1.52261 2.5325
0.269375 0.345453 1.52896 2.52547
0.270625 0.344793 1.53507 2.51872
0.271875 0.344165 1.5409 2.5123
0.273125 0.343576 1.54637 2.50629
0.274375 0.343035 1.55141 2.50077
0.275625 0.342551 1.55592 2.49583
0.276875 0.342133 1.55982 2.49156
0.278125 0.341791 1.56301 2.48807
0.279375 0.341533 1.56543 2.48544
0.280625 0.341365 1.56699 2.48374
0.281875 0.341283 1.56776 2.4829
0.283125 0.341275 1.56784 2.48281
0.284375 0.341334 1.56729 2.48342
0.285625 0.341457 1.56614 2.48467
0.286875 0.341634 1.56448 2.48647
0.288125 0.341853 1.56243 2.48871
0.289375 0.3421 1.56012 2.49123
0.290625 0.342358 1.55772 2.49386
0.291875 0.342608 1.55539 2.4964
0.293125 0.342834 1.55328 2.49872
0.294375 0.343026 1.55149 2.50068
0.295625 0.343175 1.55011 2.50219
0.296875 0.343274 1.54918 2.50321
0.298125 0.343337 1.54858 2.50385
0.299375 0.343379 1.54821 2.50428
0.300625 0.343406 1.54797 2.50456
0.301875 0.343426 1.54777 2.50475
0.303125 0.343441 1.54761 2.50491
0.304375 0.343457 1.54748 2.50507
0.305625 0.343473 1.54734 2.50523
0.306875 0.343488 1.5472 2.50539
0.308125 0.343504 1.54705 2.50555
0.309375 0.34352 1.54689 2.50571
0.310625 0.343536 1.54675 2.50588
0.311875 0.343551 1.54661 2.50603
0.313125 0.343564 1.54648 2.50617
0.314375 0.343575 1.54638 2.50628
0.315625 0.343584 1.5463 2.50637
0.316875 0.343589 1.54626 2.50642
0.318125 0.34359 1.54625 2.50643
0.319375 0.343587 1.54627 2.5064
0.320625 0.34358 1.54634 2.50633
0.321875 0.343567 1.54645 2.5062
0.323125 0.34355 1.54661 2.50603
0.324375 0.343529 1.54681 2.50581
0.325625 0.343505 1.54703 2.50557
0.326875 0.343479 1.54727 2.5053
0.328125 0.343452 1.54753 2.50502
0.329375 0.343425 1.54778 2.50474
0.330625 0.343399 1.54803 2.50447
0.331875 0.343374 1.54826 2.50422
0.333125 0.343352 1.54846 2.504
0.334375 0.343332 1.54864 2.5038
0.335625 0.343316 1.54879 2.50363
0.336875 0.343304 1.54891 2.50351
0.338125 0.343295 1.54899 2.50342
0.339375 0.343289 1.54905 2.50335
0.340625 0.343284 1.54909 2.50331
0.341875 0.343282 1.54912 2.50328
0.343125 0.34328 1.54913 2.50327
0.344375 0.34328 1.54913 2.50326
0.345625 0.34328 1.54913 2.50327
0.346875 0.343281 1.54912 2.50328
0.348125 0.343284 1.5491 2.5033
0.349375 0.343287 1.54907 2.50333
0.350625 0.34329 1.54904 2.50337
0.351875 0.343294 1.549 2.50341
0.353125 0.343299 1.54896 2.50346
0.354375 0.343303 1.54891 2.5035
0.355625 0.343308 1.54887 2.50355
0.356875 0.343313 1.54883 2.5036
0.358125 0.343317 1.54878 2.50364
0.359375 0.343321 1.54875 2.50368
0.360625 0.343324 1.54872 2.50372
0.361875 0.343327 1.54869 2.50375
0.363125 0.343329 1.54867 2.50377
0.364375 0.343331 1.54865 2.50379
0.365625 0.343332 1.54864 2.5038
0.366875 0.343333 1.54864 2.50381
0.368125 0.343334 1.54863 2.50381
0.369375 0.343334 1.54862 2.50382
0.370625 0.343335 1.54862 2.50383
0.371875 0.343336 1.54861 2.50384
0.373125 0.343337 1.5486 2.50384
0.374375 0.343338 1.54859 2.50385
0.375625 0.343339 1.54858 2.50387
0.376875 0.343341 1.54857 2.50388
0.378125 0.343343 1.54854 2.50391
0.379375 0.343346 1.54852 2.50394
0.380625 0.343349 1.54848 2.50397
0.381875 0.343353 1.54845 2.50401
0.383125 0.343357 1.54841 2.50405
0.384375 0.343362 1.54837 2.5041
0.385625 0.343366 1.54833 2.50414
0.386875 0.34337 1.54829 2.50419
0.388125 0.343374 1.54825 2.50423
0.389375 0.343378 1.54822 2.50426
0.390625 0.343381 1.54819 2.5043
0.391875 0.343383 1.54817 2.50432
0.393125 0.343385 1.54815 2.50434
0.394375 0.343386 1.54814 2.50435
0.395625 0.343387 1.54813 2.50436
0.396875 0.343387 1.54813 2.50436
0.398125 0.343387 1.54813 2.50436
0.399375 0.343387 1.54814 2.50435
0.400625 0.343386 1.54814 2.50435
0.401875 0.343385 1.54815 2.50434
0.403125 0.343384 1.54816 2.50433
0.404375 0.343384 1.54816 2.50432
0.405625 0.343383 1.54817 2.50432
0.406875 0.343382 1.54818 2.50431
0.408125 0.343382 1.54818 2.50431
0.409375 0.343382 1.54818 2.50431
0.410625 0.343382 1.54818 2.50431
0.411875 0.343383 1.54817 2.50431
0.413125 0.343384 1.54817 2.50432
0.414375 0.343385 1.54815 2.50434
0.415625 0.343386 1.54814 2.50435
0.416875 0.343388 1.54812 2.50437
0.418125 0.34339 1.54811 2.50439
0.419375 0.343391 1.54809 2.5044
0.420625 0.343393 1.54808 2.50442
0.421875 0.343394 1.54807 2.50443
0.423125 0.343395 1.54806 2.50444
0.424375 0.343396 1.54805 2.50445
0.425625 0.343396 1.54805 2.50445
0.426875 0.343396 1.54805 2.50445
0.428125 0.343395 1.54806 2.50444
0.429375 0.343395 1.54806 2.50444
0.430625 0.343394 1.54807 2.50443
0.431875 0.343392 1.54808 2.50441
0.433125 0.343391 1.54809 2.5044
0.434375 0.34339 1.54811 2.50439
0.435625 0.343389 1.54812 2.50437
0.436875 0.343387 1.54813 2.50436
0.438125 0.343386 1.54814 2.50435
0.439375 0.343386 1.54815 2.50434
0.440625 0.343385 1.54815 2.50434
0.441875 0.343385 1.54815 2.50433
0.443125 0.343384 1.54816 2.50433
0.444375 0.343385 1.54816 2.50433
0.445625 0.343385 1.54815 2.50434
0.446875 0.343385 1.54815 2.50434
0.448125 0.343386 1.54814 2.50435
0.449375 0.343387 1.54813 2.50436
0.450625 0.343388 1.54812 2.50437
0.451875 0.343389 1.54811 2.50438
0.453125 0.34339 1.5481 2.50439
0.454375 0.343392 1.54809 2.50441
0.455625 0.343393 1.54808 2.50442
0.456875 0.343394 1.54807 2.50443
0.458125 0.343395 1.54805 2.50444
0.459375 0.343396 1.54804 2.50445
0.460625 0.343397 1.54804 2.50446
0.461875 0.343398 1.54803 2.50447
0.463125 0.343398 1.54803 2.50447
0.464375 0.343398 1.54803 2.50447
0.465625 0.343398 1.54803 2.50447
0.466875 0.343397 1.54803 2.50447
0.468125 0.343396 1.54804 2.50446
0.469375 0.343395 1.54806 2.50444
0.470625 0.343393 1.54807 2.50442
0.471875 0.343391 1.54809 2.5044
0.473125 0.343389 1.54811 2.50438
0.474375 0.343387 1.54813 2.50436
0.475625 0.343386 1.54814 2.50435
0.476875 0.343384 1.54816 2.50433
0.478125 0.343383 1.54817 2.50432
0.479375 0.343382 1.54818 2.50431
0.480625 0.343382 1.54818 2.50431
0.481875 0.343382 1.54817 2.50431
0.483125 0.343383 1.54817 2.50432
0.484375 0.343384 1.54816 2.50433
0.485625 0.343386 1.54814 2.50435
0.486875 0.343387 1.54813 2.50436
0.488125 0.343389 1.54811 2.50438
0.489375 0.343391 1.54809 2.5044
0.490625 0.343392 1.54808 2.50442
0.491875 0.343394 1.54807 2.50443
0.493125 0.343394 1.54806 2.50444
0.494375 0.343395 1.54806 2.50444
0.495625 0.343395 1.54806 2.50444
0.496875 0.343394 1.54806 2.50444
0.498125 0.343394 1.54807 2.50443
0.499375 0.343393 1.54808 2.50442
0.500625 0.343392 1.54809 2.50441
0.501875 0.34339 1.5481 2.5044
0.503125 0.343389 1.54811 2.50439
0.504375 0.343388 1.54812 2.50438
0.505625 0.343388 1.54812 2.50437
0.506875 0.343388 1.54812 2.50437
0.508125 0.343388 1.54812 2.50437
0.509375 0.343388 1.54812 2.50437
0.510625 0.343388 1.54812 2.50438
0.511875 0.343389 1.54811 2.50438
0.513125 0.34339 1.5481 2.50439
0.514375 0.343391 1.54809 2.50441
0.515625 0.343392 1.54808 2.50442
0.516875 0.343393 1.54807 2.50443
0.518125 0.343394 1.54806 2.50444
0.519375 0.343395 1.54806 2.50444
0.520625 0.343395 1.54805 2.50445
0.521875 0.343395 1.54805 2.50445
0.523125 0.343395 1.54805 2.50445
0.524375 0.343395 1.54805 2.50445
0.525625 0.343395 1.54805 2.50445
0.526875 0.343395 1.54805 2.50444
0.528125 0.343394 1.54806 2.50444
0.529375 0.343394 1.54806 2.50443
0.530625 0.343393 1.54807 2.50443
0.531875 0.343393 1.54807 2.50442
0.533125 0.343392 1.54808 2.50441
0.534375 0.343391 1.54809 2.5044
0.535625 0.34339 1.5481 2.50439
0.536875 0.343389 1.54811 2.50438
0.538125 0.343387 1.54812 2.50437
0.539375 0.343386 1.54813 2.50436
0.540625 0.343385 1.54815 2.50434
0.541875 0.343384 1.54816 2.50433
0.543125 0.343383 1.54816 2.50433
0.544375 0.343383 1.54817 2.50432
0.545625 0.343382 1.54817 2.50432
0.546875 0.343382 1.54817 2.50432
0.548125 0.343383 1.54817 2.50432
0.549375 0.343383 1.54816 2.50433
0.550625 0.343384 1.54815 2.50434
0.551875 0.343386 1.54814 2.50435
0.553125 0.343387 1.54812 2.50437
0.554375 0.343389 1.54811 2.50439
0.555625 0.343391 1.54809 2.5044
0.556875 0.343392 1.54808 2.50442
0.558125 0.343394 1.54806 2.50443
0.559375 0.343395 1.54805 2.50445
0.560625 0.343396 1.54804 2.50445
0.561875 0.343396 1.54804 2.50446
0.563125 0.343396 1.54804 2.50446
0.564375 0.343396 1.54804 2.50446
0.565625 0.343396 1.54804 2.50446
0.566875 0.343396 1.54804 2.50446
0.568125 0.343395 1.54805 2.50445
0.569375 0.343394 1.54805 2.50444
0.570625 0.343394 1.54806 2.50444
0.571875 0.343393 1.54807 2.50443
0.573125 0.343392 1.54808 2.50442
0.574375 0.343391 1.54809 2.50441
0.575625 0.34339 1.54809 2.5044
0.576875 0.343389 1.5481 2.50439
0.578125 0.343388 1.54811 2.50438
0.579375 0.343387 1.54812 2.50437
0.580625 0.343387 1.54812 2.50437
0.581875 0.343386 1.54813 2.50436
0.583125 0.343385 1.54814 2.50435
0.584375 0.343385 1.54814 2.50435
0.585625 0.343385 1.54814 2.50435
0.586875 0.343385 1.54814 2.50435
0.588125 0.343385 1.54814 2.50435
0.589375 0.343385 1.54813 2.50436
0.590625 0.343386 1.54812 2.50437
0.591875 0.343387 1.54811 2.50438
0.593125 0.343389 1.5481 2.50439
0.594375 0.34339 1.54809 2.50441
0.595625 0.343392 1.54807 2.50442
0.596875 0.343393 1.54806 2.50444
0.598125 0.343394 1.54805 2.50445
0.599375 0.343395 1.54804 2.50446
0.600625 0.343395 1.54804 2.50446
0.601875 0.343396 1.54803 2.50447
0.603125 0.343395 1.54803 2.50446
0.604375 0.343395 1.54804 2.50446
0.605625 0.343394 1.54805 2.50445
0.606875 0.343393 1.54806 2.50444
0.608125 0.343392 1.54807 2.50443
0.609375 0.343391 1.54808 2.50442
0.610625 0.34339 1.54809 2.50441
0.611875 0.343388 1.5481 2.5044
0.613125 0.343387 1.54811 2.50439
0.614375 0.343386 1.54812 2.50438
0.615625 0.343386 1.54812 2.50437
0.616875 0.343385 1.54813 2.50436
0.618125 0.343385 1.54813 2.50436
0.619375 0.343384 1.54813 2.50436
0.620625 0.343384 1.54813 2.50436
0.621875 0.343384 1.54813 2.50436
0.623125 0.343384 1.54813 2.50436
0.624375 0.343384 1.54813 2.50436
0.625625 0.343385 1.54812 2.50437
0.626875 0.343385 1.54812 2.50437
0.628125 0.343386 1.54811 2.50438
0.629375 0.343387 1.5481 2.50439
0.630625 0.343387 1.5481 2.5044
0.631875 0.343388 1.54809 2.50441
0.633125 0.343389 1.54808 2.50442
0.634375 0.34339 1.54807 2.50443
0.635625 0.34339 1.54806 2.50444
0.636875 0.343391 1.54806 2.50444
0.638125 0.343391 1.54805 2.50445
0.639375 0.343391 1.54805 2.50445
0.640625 0.343391 1.54805 2.50445
0.641875 0.34339 1.54805 2.50444
0.643125 0.34339 1.54806 2.50444
0.644375 0.343388 1.54807 2.50443
0.645625 0.343387 1.54808 2.50442
0.646875 0.343386 1.54809 2.5044
0.648125 0.343384 1.5481 2.50439
0.649375 0.343383 1.54811 2.50438
0.650625 0.343381 1.54813 2.50437
0.651875 0.34338 1.54814 2.50435
0.653125 0.343379 1.54814 2.50434
0.654375 0.343378 1.54815 2.50434
0.655625 0.343377 1.54815 2.50433
0.656875 0.343377 1.54815 2.50433
0.658125 0.343377 1.54815 2.50434
0.659375 0.343377 1.54815 2.50434
0.660625 0.343376 1.54815 2.50434
0.661875 0.343376 1.54814 2.50435
0.663125 0.343376 1.54814 2.50435
0.664375 0.343377 1.54813 2.50436
0.665625 0.343377 1.54812 2.50437
0.666875 0.343378 1.54811 2.50438
0.668125 0.343378 1.5481 2.50439
0.669375 0.343378 1.5481 2.5044
0.670625 0.343378 1.54809 2.5044
0.671875 0.343377 1.54809 2.50441
0.673125 0.343378 1.54807 2.50442
0.674375 0.343378 1.54806 2.50444
0.675625 0.343379 1.54804 2.50446
0.676875 0.343378 1.54803 2.50447
0.678125 0.343376 1.54803 2.50447
0.679375 0.343374 1.54804 2.50446
0.680625 0.343371 1.54804 2.50446
0.681875 0.343369 1.54804 2.50446
0.683125 0.343368 1.54803 2.50448
0.684375 0.343368 1.54802 2.50449
0.685625 0.343366 1.54802 2.50448
0.686875 0.343364 1.54804 2.50446
0.688125 0.343361 1.54809 2.50441
0.689375 0.343361 1.54812 2.50436
0.690625 0.343367 1.54813 2.50436
0.691875 0.343386 1.5481 2.5044
0.693125 0.343423 1.54805 2.50446
0.694375 0.343489 1.54805 2.50445
0.695625 0.34361 1.54813 2.50435
0.696875 0.343841 1.54825 2.50424
0.698125 0.344273 1.54825 2.50424
0.699375 0.345031 1.54812 2.50439
0.700625 0.346295 1.54802 2.50449
0.701875 0.348353 1.54806 2.50444
0.703125 0.35167 1.54817 2.50433
0.704375 0.35695 1.54819 2.5043
0.705625 0.365217 1.54811 2.50438
0.706875 0.377923 1.54806 2.50444
0.708125 0.3971 1.54807 2.50443
0.709375 0.42546 1.54808 2.50442
0.710625 0.465709 1.54808 2.50442
0.711875 0.51822 1.54807 2.50444
0.713125 0.581221 1.54806 2.50445
0.714375 0.652764 1.54805 2.50446
0.715625 0.730552 1.54805 2.50447
0.716875 0.812181 1.54804 2.50448
0.718125 0.89488 1.54804 2.50449
0.719375 0.975146 1.54804 2.50449
0.720625 1.05035 1.54806 2.50449
0.721875 1.1179 1.54809 2.5045
0.723125 1.17568 1.54814 2.50451
0.724375 1.22174 1.54811 2.50435
0.725625 1.255 1.54793 2.50389
0.726875 1.27733 1.54798 2.50387
0.728125 1.29197 1.54825 2.50443
0.729375 1.30124 1.54847 2.50498
0.730625 1.30675 1.54838 2.50483
0.731875 1.30988 1.54814 2.50434
0.733125 1.31167 1.54796 2.504
0.734375 1.31275 1.54793 2.50396
0.735625 1.31343 1.54801 2.5042
0.736875 1.31386 1.54811 2.50453
0.738125 1.31412 1.54815 2.50472
0.739375 1.31425 1.54813 2.50473
0.740625 1.31433 1.5481 2.50466
0.741875 1.31438 1.54805 2.50455
0.743125 1.31442 1.54802 2.50444
0.744375 1.31449 1.54803 2.50437
0.745625 1.31458 1.54806 2.50433
0.746875 1.31468 1.54809 2.50434
0.748125 1.31478 1.54813 2.50436
0.749375 1.31486 1.54816 2.50436
0.750625 1.31491 1.54816 2.50435
0.751875 1.31495 1.54815 2.50433
0.753125 1.31498 1.54814 2.50432
0.754375 1.31501 1.54812 2.50432
0.755625 1.31503 1.5481 2.50434
0.756875 1.31505 1.54809 2.50439
0.758125 1.31507 1.54807 2.50444
0.759375 1.31508 1.54806 2.50448
0.760625 1.31509 1.54806 2.50451
0.761875 1.31509 1.54805 2.50452
0.763125 1.31509 1.54805 2.50451
0.764375 1.31507 1.54805 2.50449
0.765625 1.31506 1.54806 2.50446
0.766875 1.31504 1.54808 2.50442
0.768125 1.31502 1.5481 2.50438
0.769375 1.315 1.54812 2.50435
0.770625 1.31499 1.54813 2.50432
0.771875 1.31498 1.54814 2.5043
0.773125 1.31497 1.54815 2.50429
0.774375 1.31497 1.54814 2.5043
0.775625 1.31498 1.54813 2.50431
0.776875 1.31499 1.54812 2.50435
0.778125 1.315 1.5481 2.50439
0.779375 1.31502 1.54808 2.50443
0.780625 1.31504 1.54806 2.50448
0.781875 1.31505 1.54804 2.50451
0.783125 1.31506 1.54803 2.50454
0.784375 1.31507 1.54803 2.50454
0.785625 1.31506 1.54803 2.50453
0.786875 1.31506 1.54804 2.50451
0.788125 1.31504 1.54806 2.50447
0.789375 1.31503 1.54808 2.50442
0.790625 1.31501 1.5481 2.50437
0.791875 1.31499 1.54813 2.50432
0.793125 1.31498 1.54815 2.50428
0.794375 1.31497 1.54816 2.50426
0.795625 1.31497 1.54816 2.50425
0.796875 1.31497 1.54816 2.50427
0.798125 1.31498 1.54814 2.5043
0.799375 1.315 1.54812 2.50434
0.800625 1.31502 1.5481 2.5044
0.801875 1.31505 1.54807 2.50446
0.803125 1.31507 1.54804 2.50451
0.804375 1.31508 1.54803 2.50455
0.805625 1.31509 1.54802 2.50457
0.806875 1.31509 1.54802 2.50457
0.808125 1.31508 1.54803 2.50455
0.809375 1.31507 1.54804 2.50451
0.810625 1.31505 1.54807 2.50446
0.811875 1.31503 1.54809 2.5044
0.813125 1.31501 1.54812 2.50434
0.814375 1.31499 1.54814 2.50429
0.815625 1.31497 1.54816 2.50425
0.816875 1.31497 1.54817 2.50423
0.818125 1.31497 1.54817 2.50423
0.819375 1.31498 1.54816 2.50424
0.820625 1.31499 1.54815 2.50426
0.821875 1.315 1.54814 2.5043
0.823125 1.31502 1.54812 2.50433
0.824375 1.31504 1.5481 2.50438
0.825625 1.31506 1.54808 2.50443
0.826875 1.31508 1.54806 2.50448
0.828125 1.31509 1.54803 2.50453
0.829375 1.31511 1.54801 2.50457
0.830625 1.31511 1.548 2.5046
0.831875 1.31511 1.548 2.50461
0.833125 1.31511 1.54801 2.50458
0.834375 1.31509 1.54804 2.50452
0.835625 1.31505 1.54809 2.50441
0.836875 1.31501 1.54813 2.50428
0.838125 1.31497 1.54817 2.50418
0.839375 1.31494 1.54818 2.50414
0.840625 1.31491 1.54813 2.50407
0.841875 1.3147 1.54782 2.50353
0.843125 1.3141 1.54701 2.5019
0.844375 1.31322 1.54595 2.49958
0.845625 1.31251 1.54478 2.49749
0.846875 1.30389 1.53356 2.47401
0.848125 1.24447 1.46459 2.32403
0.849375 1.07284 1.23402 1.8974
0.850625 0.8198 0.789156 1.26643
0.851875 0.604992 0.289609 0.775904
0.853125 0.514144 0.0362823 0.594104
0.854375 0.500841 0.0023193 0.572507
0.855625 0.500603 0.0017178 0.5721
0.856875 0.500229 0.000620344 0.571396
0.858125 0.50005 0.000116632 0.571074
0.859375 0.500003 7.56365e-06 0.571005
0.860625 0.500001 2.90256e-06 0.571002
0.861875 0.5 1.06141e-06 0.571001
0.863125 0.5 2.71073e-07 0.571
0.864375 0.5 3.43794e-08 0.571
0.865625 0.5 2.45695e-09 0.571
0.866875 0.5 1.70217e-09 0.571
0.868125 0.5 6.0742e-10 0.571
0.869375 0.5 1.15956e-10 0.571
0.870625 0.5 7.65714e-12 0.571
0.871875 0.5 2.4498e-12 0.571
0.873125 0.5 9.62391e-13 0.571
0.874375 0.5 2.44233e-13 0.571
0.875625 0.5 3.08734e-14 0.571
0.876875 0.5 1.75201e-15 0.571
0.878125 0.5 1.10212e-15 0.571
0.879375 0.5 1.99639e-16 0.571
0.880625 0.5 6.90945e-18 0.571
0.881875 0.5 0 0.571
0.883125 0.5 0 0.571
0.884375 0.5 0 0.571
0.885625 0.5 0 0.571
0.886875 0.5 0 0.571
0.888125 0.5 0 0.571
0.889375 0.5 0 0.571
0.890625 0.5 0 0.571
0.891875 0.5 0 0.571
0.893125 0.5 0 0.571
0.894375 0.5 0 0.571
0.895625 0.5 0 0.571
0.896875 0.5 0 0.571
0.898125 0.5 0 0.571
0.899375 0.5 0 0.571
0.900625 0.5 0 0.571
0.901875 0.5 0 0.571
0.903125 0.5 0 0.571
0.904375 0.5 0 0.571
0.905625 0.5 0 0.571
0.906875 0.5 0 0.571
0.908125 0.5 0 0.571
0.909375 0.5 0 0.571
0.910625 0.5 0 0.571
0.911875 0.5 0 0.571
0.913125 0.5 0 0.571
0.914375 0.5 0 0.571
0.915625 0.5 0 0.571
0.916875 0.5 0 0.571
0.918125 0.5 0 0.571
0.919375 0.5 0 0.571
0.920625 0.5 0 0.571
0.921875 0.5 0 0.571
0.923125 0.5 0 0.571
0.924375 0.5 0 0.571
0.925625 0.5 0 0.571
0.926875 0.5 0 0.571
0.928125 0.5 0 0.571
0.929375 0.5 0 0.571
0.930625 0.5 0 0.571
0.931875 0.5 0 0.571
0.933125 0.5 0 0.571
0.934375 0.5 0 0.571
0.935625 0.5 0 0.571
0.936875 0.5 0 0.571
0.938125 0.5 0 0.571
0.939375 0.5 0 0.571
0.940625 0.5 0 0.571
0.941875 0.5 0 0.571
0.943125 0.5 0 0.571
0.944375 0.5 0 0.571
0.945625 0.5 0 0.571
0.946875 0.5 0 0.571
0.948125 0.5 0 0.571
0.949375 0.5 0 0.571
0.950625 0.5 0 0.571
0.951875 0.5 0 0.571
0.953125 0.5 0 0.571
0.954375 0.5 0 0.571
0.955625 0.5 0 0.571
0.956875 0.5 0 0.571
0.958125 0.5 0 0.571
0.959375 0.5 0 0.571
0.960625 0.5 0 0.571
0.961875 0.5 0 0.571
0.963125 0.5 0 0.571
0.964375 0.5 0 0.571
0.965625 0.5 0 0.571
0.966875 0.5 0 0.571
0.968125 0.5 0 0.571
0.969375 0.5 0 0.571
0.970625 0.5 0 0.571
0.971875 0.5 0 0.571
0.973125 0.5 0 0.571
0.974375 0.5 0 0.571
0.975625 0.5 0 0.571
0.976875 0.5 0 0.571
0.978125 0.5 0 0.571
0.979375 0.5 0 0.571
0.980625 0.5 0 0.571
0.981875 0.5 0 0.571
0.983125 0.5 0 0.571
0.984375 0.5 0 0.571
0.985625 0.5 0 0.571
0.986875 0.5 0 0.571
0.988125 0.5 2.09944e-17 0.571
0.989375 0.5 2.40233e-16 0.571
0.990625 0.5 7.11235e-16 0.571
0.991875 0.5 1.35689e-15 0.571
0.993125 0.5 2.08908e-15 0.571
0.994375 0.5 2.86924e-15 0.571
0.995625 0.5 3.61007e-15 0.571
0.996875 0.5 4.27256e-15 0.571
0.998125 0.5 4.74778e-15 0.571
0.999375 0.5 4.95091e-15 0.571
