x den vel pres
0.000625 0.445 0.698 4.8
0.001875 0.445 0.698 4.8
0.003125 0.445 0.698 4.8
0.004375 0.445 0.698 4.8
0.005625 0.445 0.698 4.8
0.006875 0.445 0.698 4.8
0.008125 0.445 0.698 4.8
0.009375 0.445 0.698 4.8
0.010625 0.445 0.698 4.8
0.011875 0.445 0.698 4.8
0.013125 0.445 0.698 4.8
0.014375 0.445 0.698 4.8
0.015625 0.445 0.698 4.8
0.016875 0.445 0.698 4.8
0.018125 0.445 0.698 4.8
0.019375 0.445 0.698 4.8
0.020625 0.445 0.698 4.8
0.021875 0.445 0.698 4.8
0.023125 0.445 0.698 4.8
0.024375 0.445 0.698001 4.8
0.025625 0.445 0.698001 4.8
0.026875 0.445 0.698003 4.8
0.028125 0.444999 0.698005 4.79999
0.029375 0.444999 0.698008 4.79999
0.030625 0.444998 0.698015 4.79997
0.031875 0.444997 0.698027 4.79995
0.033125 0.444995 0.698046 4.79992
0.034375 0.444991 0.698079 4.79986
0.035625 0.444985 0.698134 4.79977
0.036875 0.444975 0.698222 4.79962
0.038125 0.444958 0.698363 4.79937
0.039375 0.444933 0.698583 4.79899
0.040625 0.444895 0.698921 4.79841
0.041875 0.444836 0.699429 4.79753
0.043125 0.444751 0.700176 4.79624
0.044375 0.444628 0.701251 4.79438
0.045625 0.444455 0.702762 4.79177
0.046875 0.444219 0.704823 4.78821
0.048125 0.443916 0.707472 4.78364
0.049375 0.44355 0.710677 4.77812
0.050625 0.443126 0.714394 4.77172
0.051875 0.442648 0.71858 4.76452
0.053125 0.442124 0.723184 4.75662
0.054375 0.441557 0.72816 4.74809
0.055625 0.440954 0.733461 4.73901
0.056875 0.44032 0.739043 4.72947
0.058125 0.439659 0.744865 4.71954
0.059375 0.438976 0.750892 4.70928
0.060625 0.438274 0.757092 4.69874
0.061875 0.437557 0.763438 4.68798
0.063125 0.436826 0.769907 4.67703
0.064375 0.436085 0.776479 4.66592
0.065625 0.435336 0.783138 4.65469
0.066875 0.434578 0.789871 4.64336
0.068125 0.433815 0.796667 4.63196
0.069375 0.433048 0.803515 4.62048
0.070625 0.432276 0.810409 4.60895
0.071875 0.431501 0.817342 4.59739
0.073125 0.430723 0.824309 4.58579
0.074375 0.429943 0.831306 4.57417
0.075625 0.429161 0.838328 4.56253
0.076875 0.428378 0.845373 4.55088
0.078125 0.427594 0.852438 4.53922
0.079375 0.426809 0.859521 4.52756
0.080625 0.426023 0.86662 4.51589
0.081875 0.425237 0.873734 4.50423
0.083125 0.42445 0.880861 4.49257
0.084375 0.423664 0.888 4.48092
0.085625 0.422877 0.895151 4.46928
0.086875 0.42209 0.902311 4.45764
0.088125 0.421304 0.909481 4.44602
0.089375 0.420518 0.91666 4.43441
0.090625 0.419732 0.923846 4.42281
0.091875 0.418946 0.93104 4.41122
0.093125 0.418161 0.938241 4.39965
0.094375 0.417376 0.945449 4.3881
0.095625 0.416592 0.952662 4.37656
0.096875 0.415809 0.95988 4.36504
0.098125 0.415026 0.967104 4.35354
0.099375 0.414243 0.974333 4.34205
0.100625 0.413462 0.981567 4.33059
0.101875 0.412681 0.988804 4.31914
0.103125 0.411901 0.996046 4.30772
0.104375 0.411122 1.00329 4.29631
0.105625 0.410343 1.01054 4.28492
0.106875 0.409565 1.01779 4.27356
0.108125 0.408788 1.02505 4.26221
0.109375 0.408012 1.03231 4.25089
0.110625 0.407237 1.03957 4.23959
0.111875 0.406463 1.04683 4.22831
0.113125 0.40569 1.0541 4.21705
0.114375 0.404917 1.06137 4.20581
0.115625 0.404146 1.06864 4.1946
0.116875 0.403375 1.07591 4.18341
0.118125 0.402606 1.08318 4.17224
0.119375 0.401837 1.09046 4.16109
0.120625 0.40107 1.09774 4.14997
0.121875 0.400303 1.10502 4.13887
0.123125 0.399538 1.1123 4.12779
0.124375 0.398773 1.11958 4.11674
0.125625 0.398009 1.12687 4.10571
0.126875 0.397247 1.13415 4.0947
0.128125 0.396486 1.14144 4.08372
0.129375 0.395725 1.14873 4.07276
0.130625 0.394966 1.15602 4.06182
0.131875 0.394208 1.16331 4.05091
0.133125 0.39345 1.1706 4.04002
0.134375 0.392694 1.17789 4.02915
0.135625 0.391939 1.18518 4.01831
0.136875 0.391185 1.19248 4.00749
0.138125 0.390432 1.19977 3.9967
0.139375 0.389681 1.20707 3.98593
0.140625 0.38893 1.21436 3.97518
0.141875 0.38818 1.22166 3.96446
0.143125 0.387432 1.22896 3.95377
0.144375 0.386685 1.23625 3.94309
0.145625 0.385938 1.24355 3.93244
0.146875 0.385193 1.25085 3.92182
0.148125 0.384449 1.25814 3.91122
0.149375 0.383706 1.26544 3.90064
0.150625 0.382965 1.27274 3.89009
0.151875 0.382224 1.28004 3.87956
0.153125 0.381485 1.28734 3.86906
0.154375 0.380746 1.29464 3.85858
0.155625 0.380009 1.30193 3.84812
0.156875 0.379273 1.30923 3.83769
0.158125 0.378538 1.31653 3.82729
0.159375 0.377805 1.32383 3.81691
0.160625 0.377072 1.33113 3.80655
0.161875 0.376341 1.33842 3.79621
0.163125 0.37561 1.34572 3.78591
0.164375 0.374881 1.35302 3.77562
0.165625 0.374153 1.36032 3.76536
0.166875 0.373427 1.36761 3.75513
0.168125 0.372701 1.37491 3.74492
0.169375 0.371977 1.38221 3.73473
0.170625 0.371253 1.3895 3.72457
0.171875 0.370531 1.3968 3.71443
0.173125 0.36981 1.40409 3.70432
0.174375 0.369091 1.41138 3.69423
0.175625 0.368372 1.41868 3.68416
0.176875 0.367655 1.42597 3.67412
0.178125 0.366939 1.43326 3.66411
0.179375 0.366224 1.44055 3.65412
0.180625 0.36551 1.44784 3.64415
0.181875 0.364797 1.45513 3.63421
0.183125 0.364086 1.46242 3.62429
0.184375 0.363376 1.46971 3.6144
0.185625 0.362667 1.47699 3.60453
0.186875 0.361959 1.48428 3.59468
0.188125 0.361253 1.49156 3.58486
0.189375 0.360547 1.49884 3.57507
0.190625 0.359843 1.50613 3.5653
0.191875 0.35914 1.51341 3.55555
0.193125 0.358439 1.52069 3.54583
0.194375 0.357738 1.52796 3.53613
0.195625 0.357039 1.53524 3.52646
0.196875 0.356341 1.54252 3.51681
0.198125 0.355644 1.54979 3.50719
0.199375 0.354949 1.55706 3.49759
0.200625 0.354255 1.56433 3.48802
0.201875 0.353562 1.5716 3.47847
0.203125 0.35287 1.57886 3.46895
0.204375 0.35218 1.58613 3.45945
0.205625 0.35149 1.59339 3.44998
0.206875 0.350803 1.60065 3.44053
0.208125 0.350116 1.60791 3.43111
0.209375 0.349431 1.61516 3.42171
0.210625 0.348747 1.62241 3.41234
0.211875 0.348065 1.62966 3.40299
0.213125 0.347383 1.63691 3.39367
0.214375 0.346704 1.64415 3.38438
0.215625 0.346025 1.65139 3.37511
0.216875 0.345348 1.65863 3.36587
0.218125 0.344673 1.66586 3.35666
0.219375 0.343998 1.67309 3.34747
0.220625 0.343326 1.68031 3.33831
0.221875 0.342655 1.68753 3.32918
0.223125 0.341985 1.69474 3.32007
0.224375 0.341317 1.70195 3.311
0.225625 0.340651 1.70915 3.30195
0.226875 0.339986 1.71634 3.29293
0.228125 0.339323 1.72353 3.28394
0.229375 0.338662 1.73071 3.27499
0.230625 0.338002 1.73788 3.26606
0.231875 0.337345 1.74504 3.25717
0.233125 0.33669 1.75218 3.24832
0.234375 0.336037 1.75932 3.23951
0.235625 0.335386 1.76643 3.23073
0.236875 0.334739 1.77353 3.222
0.238125 0.334095 1.78059 3.21333
0.239375 0.333455 1.78763 3.20471
0.240625 0.33282 1.79462 3.19617
0.241875 0.33219 1.80156 3.18771
0.243125 0.331568 1.80843 3.17936
0.244375 0.330955 1.8152 3.17114
0.245625 0.330354 1.82186 3.16308
0.246875 0.329768 1.82836 3.15522
0.248125 0.329201 1.83467 3.14762
0.249375 0.328657 1.84072 3.14034
0.250625 0.328142 1.84645 3.13345
0.251875 0.327662 1.8518 3.12705
0.253125 0.327226 1.85666 3.12122
0.254375 0.326841 1.86097 3.11608
0.255625 0.326514 1.86462 3.11172
0.256875 0.326255 1.86752 3.10826
0.258125 0.326069 1.8696 3.10578
0.259375 0.325963 1.8708 3.10436
0.260625 0.325935 1.87111 3.10399
0.261875 0.325983 1.87057 3.10463
0.263125 0.326101 1.86924 3.10621
0.264375 0.326284 1.8672 3.10864
0.265625 0.326519 1.86457 3.11178
0.266875 0.326791 1.86153 3.11541
0.268125 0.327085 1.85824 3.11933
0.269375 0.327378 1.85497 3.12324
0.270625 0.327654 1.85189 3.12693
0.271875 0.327898 1.84916 3.1302
0.273125 0.3281 1.84691 3.1329
0.274375 0.32825 1.84525 3.13491
0.275625 0.328349 1.84415 3.13623
0.276875 0.32841 1.84344 3.13704
0.278125 0.328448 1.84302 3.13756
0.279375 0.328472 1.84278 3.13787
0.280625 0.328486 1.84263 3.13805
0.281875 0.328493 1.84252 3.13816
0.283125 0.3285 1.84245 3.13824
0.284375 0.328505 1.8424 3.13832
0.285625 0.32851 1.84235 3.13839
0.286875 0.328515 1.84229 3.13845
0.288125 0.328521 1.84222 3.13852
0.289375 0.328528 1.84214 3.13862
0.290625 0.328537 1.84205 3.13874
0.291875 0.328546 1.84195 3.13887
0.293125 0.328557 1.84182 3.13901
0.294375 0.328569 1.84169 3.13917
0.295625 0.328581 1.84156 3.13932
0.296875 0.328592 1.84144 3.13948
0.298125 0.328602 1.84132 3.13961
0.299375 0.328611 1.84122 3.13973
0.300625 0.328618 1.84115 3.13982
0.301875 0.328622 1.8411 3.13988
0.303125 0.328624 1.84108 3.1399
0.304375 0.328622 1.8411 3.13988
0.305625 0.328618 1.84115 3.13982
0.306875 0.328609 1.84125 3.13971
0.308125 0.328596 1.84139 3.13954
0.309375 0.32858 1.84157 3.13932
0.310625 0.328561 1.84178 3.13906
0.311875 0.328539 1.84202 3.13877
0.313125 0.328516 1.84228 3.13847
0.314375 0.328493 1.84254 3.13815
0.315625 0.328469 1.84281 3.13783
0.316875 0.328446 1.84306 3.13752
0.318125 0.328424 1.8433 3.13723
0.319375 0.328404 1.84352 3.13697
0.320625 0.328387 1.84372 3.13673
0.321875 0.328371 1.84389 3.13653
0.323125 0.328359 1.84403 3.13636
0.324375 0.328349 1.84414 3.13623
0.325625 0.328342 1.84421 3.13614
0.326875 0.328338 1.84427 3.13607
0.328125 0.328334 1.8443 3.13603
0.329375 0.328332 1.84432 3.13601
0.330625 0.328332 1.84433 3.13599
0.331875 0.328332 1.84433 3.136
0.333125 0.328333 1.84432 3.13601
0.334375 0.328335 1.8443 3.13604
0.335625 0.328338 1.84427 3.13607
0.336875 0.328341 1.84423 3.13612
0.338125 0.328345 1.84418 3.13618
0.339375 0.32835 1.84413 3.13624
0.340625 0.328354 1.84408 3.1363
0.341875 0.328359 1.84403 3.13637
0.343125 0.328364 1.84397 3.13643
0.344375 0.328369 1.84392 3.1365
0.345625 0.328374 1.84386 3.13656
0.346875 0.328378 1.84382 3.13662
0.348125 0.328382 1.84377 3.13667
0.349375 0.328386 1.84373 3.13673
0.350625 0.32839 1.84369 3.13677
0.351875 0.328393 1.84365 3.13682
0.353125 0.328396 1.84361 3.13686
0.354375 0.328399 1.84358 3.1369
0.355625 0.328401 1.84356 3.13693
0.356875 0.328404 1.84353 3.13696
0.358125 0.328405 1.84351 3.13698
0.359375 0.328407 1.84349 3.13701
0.360625 0.328409 1.84347 3.13703
0.361875 0.328411 1.84345 3.13705
0.363125 0.328412 1.84344 3.13707
0.364375 0.328414 1.84342 3.13709
0.365625 0.328416 1.8434 3.13712
0.366875 0.328417 1.84338 3.13714
0.368125 0.328419 1.84336 3.13717
0.369375 0.328421 1.84333 3.1372
0.370625 0.328424 1.84331 3.13723
0.371875 0.328427 1.84328 3.13726
0.373125 0.328429 1.84324 3.1373
0.374375 0.328432 1.84321 3.13734
0.375625 0.328435 1.84318 3.13738
0.376875 0.328438 1.84315 3.13742
0.378125 0.32844 1.84312 3.13745
0.379375 0.328443 1.8431 3.13748
0.380625 0.328445 1.84307 3.13751
0.381875 0.328446 1.84306 3.13753
0.383125 0.328447 1.84305 3.13754
0.384375 0.328448 1.84304 3.13755
0.385625 0.328448 1.84304 3.13755
0.386875 0.328448 1.84303 3.13756
0.388125 0.328449 1.84303 3.13756
0.389375 0.328449 1.84303 3.13756
0.390625 0.328449 1.84303 3.13756
0.391875 0.328449 1.84303 3.13756
0.393125 0.328449 1.84303 3.13757
0.394375 0.328449 1.84302 3.13757
0.395625 0.32845 1.84302 3.13757
0.396875 0.32845 1.84301 3.13758
0.398125 0.328451 1.84301 3.13759
0.399375 0.328452 1.843 3.1376
0.400625 0.328453 1.84299 3.13761
0.401875 0.328454 1.84297 3.13763
0.403125 0.328455 1.84296 3.13765
0.404375 0.328457 1.84294 3.13767
0.405625 0.328458 1.84293 3.13769
0.406875 0.328459 1.84291 3.1377
0.408125 0.328461 1.8429 3.13772
0.409375 0.328462 1.84288 3.13774
0.410625 0.328463 1.84287 3.13775
0.411875 0.328464 1.84286 3.13776
0.413125 0.328465 1.84285 3.13777
0.414375 0.328465 1.84285 3.13778
0.415625 0.328465 1.84284 3.13778
0.416875 0.328465 1.84284 3.13778
0.418125 0.328465 1.84285 3.13778
0.419375 0.328464 1.84285 3.13777
0.420625 0.328464 1.84286 3.13776
0.421875 0.328463 1.84287 3.13775
0.423125 0.328462 1.84289 3.13773
0.424375 0.32846 1.8429 3.13772
0.425625 0.328459 1.84292 3.1377
0.426875 0.328457 1.84293 3.13768
0.428125 0.328456 1.84295 3.13766
0.429375 0.328455 1.84296 3.13764
0.430625 0.328453 1.84298 3.13762
0.431875 0.328452 1.84299 3.13761
0.433125 0.328451 1.843 3.13759
0.434375 0.32845 1.84301 3.13758
0.435625 0.32845 1.84302 3.13758
0.436875 0.32845 1.84302 3.13757
0.438125 0.32845 1.84302 3.13757
0.439375 0.32845 1.84302 3.13758
0.440625 0.32845 1.84301 3.13758
0.441875 0.328451 1.84301 3.13759
0.443125 0.328452 1.843 3.1376
0.444375 0.328452 1.84299 3.13761
0.445625 0.328453 1.84298 3.13762
0.446875 0.328454 1.84297 3.13764
0.448125 0.328455 1.84296 3.13765
0.449375 0.328456 1.84295 3.13766
0.450625 0.328457 1.84294 3.13767
0.451875 0.328457 1.84293 3.13768
0.453125 0.328458 1.84293 3.13769
0.454375 0.328458 1.84292 3.13769
0.455625 0.328459 1.84292 3.1377
0.456875 0.328459 1.84291 3.1377
0.458125 0.32846 1.84291 3.13771
0.459375 0.32846 1.8429 3.13771
0.460625 0.328461 1.8429 3.13772
0.461875 0.328461 1.84289 3.13773
0.463125 0.328462 1.84289 3.13773
0.464375 0.328462 1.84288 3.13774
0.465625 0.328462 1.84287 3.13775
0.466875 0.328463 1.84287 3.13775
0.468125 0.328463 1.84287 3.13776
0.469375 0.328463 1.84286 3.13776
0.470625 0.328463 1.84286 3.13776
0.471875 0.328463 1.84286 3.13776
0.473125 0.328463 1.84287 3.13776
0.474375 0.328463 1.84287 3.13775
0.475625 0.328462 1.84288 3.13774
0.476875 0.328461 1.84289 3.13773
0.478125 0.32846 1.8429 3.13772
0.479375 0.328459 1.84291 3.13771
0.480625 0.328458 1.84292 3.13769
0.481875 0.328458 1.84293 3.13768
0.483125 0.328457 1.84294 3.13767
0.484375 0.328456 1.84295 3.13766
0.485625 0.328456 1.84295 3.13766
0.486875 0.328455 1.84295 3.13765
0.488125 0.328455 1.84295 3.13765
0.489375 0.328456 1.84295 3.13766
0.490625 0.328456 1.84295 3.13766
0.491875 0.328456 1.84294 3.13767
0.493125 0.328457 1.84293 3.13768
0.494375 0.328458 1.84293 3.13768
0.495625 0.328458 1.84292 3.13769
0.496875 0.328459 1.84291 3.1377
0.498125 0.328459 1.84291 3.13771
0.499375 0.32846 1.84291 3.13771
0.500625 0.32846 1.84291 3.13771
0.501875 0.32846 1.84291 3.13771
0.503125 0.32846 1.84291 3.13771
0.504375 0.32846 1.84291 3.13771
0.505625 0.328459 1.84291 3.13771
0.506875 0.328459 1.84291 3.13771
0.508125 0.328459 1.84291 3.13771
0.509375 0.328459 1.84291 3.13771
0.510625 0.328459 1.84291 3.13771
0.511875 0.328459 1.84291 3.13771
0.513125 0.328459 1.84291 3.13771
0.514375 0.32846 1.8429 3.13771
0.515625 0.32846 1.8429 3.13771
0.516875 0.32846 1.8429 3.13772
0.518125 0.32846 1.8429 3.13772
0.519375 0.32846 1.8429 3.13772
0.520625 0.32846 1.8429 3.13772
0.521875 0.32846 1.8429 3.13772
0.523125 0.32846 1.8429 3.13771
0.524375 0.328459 1.84291 3.13771
0.525625 0.328459 1.84291 3.1377
0.526875 0.328458 1.84292 3.13769
0.528125 0.328457 1.84293 3.13768
0.529375 0.328456 1.84294 3.13767
0.530625 0.328456 1.84295 3.13766
0.531875 0.328455 1.84295 3.13765
0.533125 0.328455 1.84296 3.13765
0.534375 0.328454 1.84296 3.13764
0.535625 0.328455 1.84296 3.13764
0.536875 0.328455 1.84296 3.13765
0.538125 0.328455 1.84295 3.13765
0.539375 0.328456 1.84295 3.13766
0.540625 0.328457 1.84294 3.13767
0.541875 0.328457 1.84293 3.13768
0.543125 0.328458 1.84292 3.13769
0.544375 0.328459 1.84291 3.1377
0.545625 0.32846 1.8429 3.13771
0.546875 0.32846 1.8429 3.13772
0.548125 0.32846 1.8429 3.13772
0.549375 0.32846 1.8429 3.13772
0.550625 0.32846 1.8429 3.13772
0.551875 0.328459 1.8429 3.13771
0.553125 0.328459 1.84291 3.1377
0.554375 0.328458 1.84292 3.13769
0.555625 0.328457 1.84293 3.13769
0.556875 0.328457 1.84293 3.13768
0.558125 0.328456 1.84294 3.13767
0.559375 0.328456 1.84295 3.13766
0.560625 0.328455 1.84295 3.13766
0.561875 0.328455 1.84295 3.13765
0.563125 0.328455 1.84295 3.13765
0.564375 0.328455 1.84295 3.13765
0.565625 0.328455 1.84295 3.13766
0.566875 0.328456 1.84294 3.13766
0.568125 0.328456 1.84294 3.13767
0.569375 0.328457 1.84293 3.13767
0.570625 0.328457 1.84293 3.13768
0.571875 0.328457 1.84293 3.13768
0.573125 0.328458 1.84292 3.13769
0.574375 0.328458 1.84292 3.13769
0.575625 0.328458 1.84292 3.13769
0.576875 0.328458 1.84292 3.13769
0.578125 0.328458 1.84292 3.1377
0.579375 0.328458 1.84292 3.1377
0.580625 0.328458 1.84292 3.1377
0.581875 0.328458 1.84292 3.1377
0.583125 0.328458 1.84291 3.1377
0.584375 0.328459 1.84291 3.1377
0.585625 0.328459 1.84291 3.13771
0.586875 0.328459 1.8429 3.13771
0.588125 0.328459 1.8429 3.13771
0.589375 0.32846 1.8429 3.13772
0.590625 0.32846 1.8429 3.13772
0.591875 0.32846 1.8429 3.13772
0.593125 0.32846 1.8429 3.13772
0.594375 0.328459 1.8429 3.13772
0.595625 0.328459 1.84291 3.13771
0.596875 0.328458 1.84291 3.1377
0.598125 0.328458 1.84292 3.13769
0.599375 0.328457 1.84293 3.13768
0.600625 0.328456 1.84294 3.13767
0.601875 0.328455 1.84295 3.13766
0.603125 0.328454 1.84296 3.13765
0.604375 0.328454 1.84296 3.13764
0.605625 0.328453 1.84297 3.13764
0.606875 0.328453 1.84297 3.13763
0.608125 0.328453 1.84297 3.13763
0.609375 0.328453 1.84296 3.13764
0.610625 0.328454 1.84296 3.13764
0.611875 0.328454 1.84295 3.13765
0.613125 0.328455 1.84294 3.13766
0.614375 0.328456 1.84293 3.13768
0.615625 0.328457 1.84293 3.13769
0.616875 0.328458 1.84292 3.1377
0.618125 0.328458 1.84291 3.1377
0.619375 0.328459 1.84291 3.13771
0.620625 0.328459 1.8429 3.13771
0.621875 0.328459 1.8429 3.13771
0.623125 0.328459 1.8429 3.13771
0.624375 0.328458 1.84291 3.13771
0.625625 0.328458 1.84291 3.1377
0.626875 0.328457 1.84292 3.13769
0.628125 0.328457 1.84292 3.13769
0.629375 0.328456 1.84293 3.13768
0.630625 0.328455 1.84294 3.13767
0.631875 0.328455 1.84294 3.13766
0.633125 0.328454 1.84295 3.13766
0.634375 0.328454 1.84295 3.13766
0.635625 0.328454 1.84295 3.13766
0.636875 0.328454 1.84295 3.13766
0.638125 0.328454 1.84295 3.13766
0.639375 0.328454 1.84295 3.13766
0.640625 0.328454 1.84295 3.13766
0.641875 0.328454 1.84295 3.13766
0.643125 0.328454 1.84294 3.13766
0.644375 0.328454 1.84294 3.13767
0.645625 0.328454 1.84294 3.13767
0.646875 0.328455 1.84294 3.13767
0.648125 0.328455 1.84294 3.13767
0.649375 0.328455 1.84294 3.13767
0.650625 0.328455 1.84294 3.13767
0.651875 0.328455 1.84293 3.13768
0.653125 0.328455 1.84293 3.13768
0.654375 0.328456 1.84292 3.13769
0.655625 0.328456 1.84292 3.13769
0.656875 0.328457 1.84291 3.1377
0.658125 0.328457 1.8429 3.13771
0.659375 0.328458 1.8429 3.13772
0.660625 0.328458 1.84289 3.13773
0.661875 0.328458 1.84289 3.13773
0.663125 0.328459 1.84288 3.13774
0.664375 0.328459 1.84288 3.13774
0.665625 0.328459 1.84288 3.13774
0.666875 0.328458 1.84288 3.13774
0.668125 0.328458 1.84289 3.13773
0.669375 0.328457 1.84289 3.13772
0.670625 0.328457 1.8429 3.13772
0.671875 0.328456 1.84291 3.13771
0.673125 0.328455 1.84291 3.1377
0.674375 0.328454 1.84292 3.13769
0.675625 0.328453 1.84293 3.13768
0.676875 0.328453 1.84293 3.13768
0.678125 0.328452 1.84294 3.13767
0.679375 0.328452 1.84294 3.13767
0.680625 0.328452 1.84294 3.13767
0.681875 0.328452 1.84293 3.13768
0.683125 0.328453 1.84293 3.13768
0.684375 0.328453 1.84292 3.13769
0.685625 0.328453 1.84292 3.1377
0.686875 0.328453 1.84291 3.1377
0.688125 0.328454 1.84291 3.13771
0.689375 0.328454 1.8429 3.13771
0.690625 0.328454 1.8429 3.13772
0.691875 0.328454 1.8429 3.13772
0.693125 0.328454 1.84289 3.13772
0.694375 0.328453 1.84289 3.13772
0.695625 0.328453 1.8429 3.13772
0.696875 0.328452 1.8429 3.13772
0.698125 0.328451 1.8429 3.13771
0.699375 0.328451 1.84291 3.13771
0.700625 0.32845 1.84291 3.13771
0.701875 0.32845 1.84291 3.13771
0.703125 0.328449 1.84291 3.1377
0.704375 0.328448 1.84291 3.1377
0.705625 0.328447 1.84292 3.13769
0.706875 0.328446 1.84292 3.13769
0.708125 0.328445 1.84292 3.13769
0.709375 0.328445 1.84292 3.13769
0.710625 0.328444 1.84292 3.1377
0.711875 0.328443 1.84292 3.13769
0.713125 0.328441 1.84293 3.13768
0.714375 0.328438 1.84295 3.13766
0.715625 0.328436 1.84296 3.13765
0.716875 0.328433 1.84296 3.13765
0.718125 0.328432 1.84295 3.13766
0.719375 0.328431 1.84294 3.13766
0.720625 0.328429 1.84294 3.13766
0.721875 0.328426 1.84296 3.13765
0.723125 0.328423 1.84298 3.13762
0.724375 0.328421 1.843 3.1376
0.725625 0.328421 1.84299 3.13761
0.726875 0.328425 1.84295 3.13765
0.728125 0.328431 1.8429 3.13771
0.729375 0.328438 1.84288 3.13775
0.730625 0.328446 1.8429 3.13772
0.731875 0.328457 1.84296 3.13764
0.733125 0.328486 1.84301 3.13758
0.734375 0.328553 1.84297 3.13763
0.735625 0.328688 1.84284 3.13781
0.736875 0.328925 1.84275 3.13794
0.738125 0.329326 1.84279 3.13787
0.739375 0.329997 1.84296 3.13766
0.740625 0.331122 1.84304 3.13755
0.741875 0.332967 1.84293 3.13768
0.743125 0.335902 1.84278 3.13787
0.744375 0.340483 1.84277 3.13788
0.745625 0.34755 1.84288 3.13774
0.746875 0.358325 1.84295 3.13765
0.748125 0.374514 1.84292 3.13768
0.749375 0.398427 1.84289 3.13773
0.750625 0.433027 1.84289 3.13774
0.751875 0.480989 1.8429 3.13771
0.753125 0.542124 1.8429 3.13771
0.754375 0.614533 1.8429 3.13771
0.755625 0.696129 1.8429 3.13771
0.756875 0.784487 1.84291 3.1377
0.758125 0.877071 1.84292 3.13769
0.759375 0.970949 1.84292 3.13768
0.760625 1.06254 1.84291 3.13764
0.761875 1.14898 1.84291 3.13759
0.763125 1.22749 1.84291 3.13761
0.764375 1.29575 1.84295 3.13771
0.765625 1.35186 1.84304 3.1379
0.766875 1.39433 1.84315 3.13821
0.768125 1.42363 1.84307 3.13808
0.769375 1.44299 1.84273 3.13727
0.770625 1.45566 1.84256 3.13676
0.771875 1.46396 1.84271 3.13699
0.773125 1.46934 1.84307 3.13779
0.774375 1.4726 1.8433 3.1385
0.775625 1.47435 1.84324 3.13842
0.776875 1.47522 1.84303 3.13797
0.778125 1.47569 1.84288 3.13761
0.779375 1.47602 1.8428 3.13735
0.780625 1.47627 1.84279 3.1373
0.781875 1.4765 1.84284 3.13745
0.783125 1.4767 1.84292 3.13768
0.784375 1.47686 1.84298 3.13786
0.785625 1.47699 1.84299 3.13792
0.786875 1.47709 1.84297 3.13789
0.788125 1.47718 1.84293 3.13782
0.789375 1.47727 1.84289 3.13774
0.790625 1.47736 1.84287 3.13768
0.791875 1.47745 1.84287 3.13765
0.793125 1.47752 1.84288 3.13767
0.794375 1.47757 1.8429 3.1377
0.795625 1.4776 1.84292 3.13773
0.796875 1.47761 1.84293 3.13773
0.798125 1.47761 1.84294 3.13771
0.799375 1.4776 1.84294 3.13768
0.800625 1.47759 1.84294 3.13765
0.801875 1.47758 1.84293 3.13762
0.803125 1.47757 1.84294 3.13761
0.804375 1.47757 1.84294 3.13762
0.805625 1.47757 1.84294 3.13763
0.806875 1.47757 1.84294 3.13766
0.808125 1.47757 1.84293 3.13768
0.809375 1.47758 1.84293 3.1377
0.810625 1.47758 1.84291 3.13773
0.811875 1.47759 1.8429 3.13775
0.813125 1.47759 1.84289 3.13777
0.814375 1.47759 1.84288 3.13778
0.815625 1.4776 1.84288 3.13779
0.816875 1.4776 1.84288 3.1378
0.818125 1.4776 1.84289 3.13779
0.819375 1.47759 1.8429 3.13777
0.820625 1.47758 1.84291 3.13774
0.821875 1.47758 1.84292 3.13771
0.823125 1.47757 1.84293 3.13767
0.824375 1.47756 1.84294 3.13764
0.825625 1.47756 1.84295 3.13762
0.826875 1.47756 1.84295 3.13761
0.828125 1.47756 1.84295 3.13762
0.829375 1.47757 1.84295 3.13763
0.830625 1.47758 1.84294 3.13766
0.831875 1.4776 1.84292 3.13769
0.833125 1.47761 1.84291 3.13773
0.834375 1.47762 1.8429 3.13776
0.835625 1.47763 1.84289 3.13778
0.836875 1.47764 1.84288 3.1378
0.838125 1.47764 1.84288 3.1378
0.839375 1.47763 1.84288 3.1378
0.840625 1.47763 1.84289 3.13778
0.841875 1.47762 1.8429 3.13775
0.843125 1.47761 1.84291 3.13773
0.844375 1.4776 1.84292 3.1377
0.845625 1.47759 1.84293 3.13768
0.846875 1.47759 1.84293 3.13766
0.848125 1.47759 1.84294 3.13765
0.849375 1.47759 1.84294 3.13765
0.850625 1.47759 1.84294 3.13764
0.851875 1.47759 1.84294 3.13765
0.853125 1.4776 1.84294 3.13765
0.854375 1.4776 1.84293 3.13766
0.855625 1.47761 1.84293 3.13768
0.856875 1.47762 1.84292 3.1377
0.858125 1.47763 1.84291 3.13772
0.859375 1.47764 1.8429 3.13774
0.860625 1.47764 1.8429 3.13775
0.861875 1.47764 1.84289 3.13776
0.863125 1.47764 1.84289 3.13776
0.864375 1.47764 1.8429 3.13775
0.865625 1.47764 1.8429 3.13775
0.866875 1.47763 1.8429 3.13774
0.868125 1.47762 1.8429 3.13774
0.869375 1.47762 1.8429 3.13773
0.870625 1.47761 1.84291 3.13771
0.871875 1.47759 1.84293 3.13767
0.873125 1.47758 1.84294 3.13763
0.874375 1.47757 1.84295 3.13761
0.875625 1.47757 1.84295 3.1376
0.876875 1.47757 1.84294 3.13759
0.878125 1.47757 1.84294 3.13757
0.879375 1.47756 1.84293 3.13756
0.880625 1.47754 1.8429 3.1375
0.881875 1.47737 1.84266 3.137
0.883125 1.47676 1.84189 3.1352
0.884375 1.47577 1.84068 3.13222
0.885625 1.47506 1.83968 3.12988
0.886875 1.46956 1.83321 3.11309
0.888125 1.42348 1.78273 2.98267
0.889375 1.25839 1.57732 2.51786
0.890625 0.974041 1.15612 1.7454
0.891875 0.683511 0.522257 0.979244
0.893125 0.533126 0.0869047 0.627333
0.894375 0.501858 0.0038594 0.573534
0.895625 0.500682 0.00253964 0.57265
0.896875 0.50026 0.000778579 0.571502
0.898125 0.500064 0.000176551 0.571112
0.899375 0.500006 1.41113e-05 0.571009
0.900625 0.5 1.2315e-06 0.571001
0.901875 0.5 8.20991e-07 0.571001
0.903125 0.5 2.47554e-07 0.571
0.904375 0.5 2.74911e-08 0.571
0.905625 0.5 9.83437e-10 0.571
0.906875 0.5 6.51886e-10 0.571
0.908125 0.5 1.85169e-10 0.571
0.909375 0.5 4.13406e-11 0.571
0.910625 0.5 3.36032e-12 0.571
0.911875 0.5 2.6106e-13 0.571
0.913125 0.5 1.92705e-13 0.571
0.914375 0.5 6.28294e-14 0.571
0.915625 0.5 7.69413e-15 0.571
0.916875 0.5 2.55242e-16 0.571
0.918125 0.5 1.37074e-16 0.571
0.919375 0.5 1.80933e-17 0.571
0.920625 0.5 0 0.571
0.921875 0.5 0 0.571
0.923125 0.5 0 0.571
0.924375 0.5 0 0.571
0.925625 0.5 0 0.571
0.926875 0.5 0 0.571
0.928125 0.5 0 0.571
0.929375 0.5 0 0.571
0.930625 0.5 0 0.571
0.931875 0.5 0 0.571
0.933125 0.5 0 0.571
0.934375 0.5 0 0.571
0.935625 0.5 0 0.571
0.936875 0.5 0 0.571
0.938125 0.5 0 0.571
0.939375 0.5 0 0.571
0.940625 0.5 0 0.571
0.941875 0.5 0 0.571
0.943125 0.5 0 0.571
0.944375 0.5 0 0.571
0.945625 0.5 0 0.571
0.946875 0.5 0 0.571
0.948125 0.5 0 0.571
0.949375 0.5 0 0.571
0.950625 0.5 0 0.571
0.951875 0.5 0 0.571
0.953125 0.5 0 0.571
0.954375 0.5 0 0.571
0.955625 0.5 0 0.571
0.956875 0.5 0 0.571
0.958125 0.5 0 0.571
0.959375 0.5 0 0.571
0.960625 0.5 0 0.571
0.961875 0.5 0 0.571
0.963125 0.5 0 0.571
0.964375 0.5 0 0.571
0.965625 0.5 0 0.571
0.966875 0.5 0 0.571
0.968125 0.5 0 0.571
0.969375 0.5 0 0.571
0.970625 0.5 0 0.571
0.971875 0.5 0 0.571
0.973125 0.5 0 0.571
0.974375 0.5 0 0.571
0.975625 0.5 0 0.571
0.976875 0.5 0 0.571
0.978125 0.5 0 0.571
0.979375 0.5 0 0.571
0.980625 0.5 0 0.571
0.981875 0.5 0 0.571
0.983125 0.5 0 0.571
0.984375 0.5 0 0.571
0.985625 0.5 0 0.571
0.986875 0.5 0 0.571
0.988125 0.5 7.6386e-17 0.571
0.989375 0.5 3.57759e-16 0.571
0.990625 0.5 8.40001e-16 0.571
0.991875 0.5 1.46273e-15 0.571
0.993125 0.5 2.16561e-15 0.571
0.994375 0.5 2.88743e-15 0.571
0.995625 0.5 3.57535e-15 0.571
0.996875 0.5 4.1508e-15 0.571
0.998125 0.5 4.58819e-15 0.571
0.999375 0.5 4.76473e-15 0.571
