2
2
2
2
2
2
2
2
1.99999
1.99995
1.99987
1.9998
1.99977
1.99939
1.9972
1.98875
1.96467
1.91321
1.8312
1.72431
1.59968
1.46344
1.32118
1.17582
1.03303
0.893612
0.760679
0.636606
0.523918
0.424963
0.341704
0.276158
0.22511
0.184786
0.152142
0.125426
0.103613
0.0863792
0.071966
0.0591144
0.0470792
0.0352695
0.0230772
0.012332
0.00431763
0.00126448
0.00104385
0.00101866
0.00100298
0.00100004
0.00100002
0.001
0.001
0.001
0.001
0.001
0.001
0.001
0.001
0.001
0.001
0.001
0.001
0.001
0.001
0.001
0.001
0.001
0.001
0.001
0.001
0.001
0.001
0.001
0.001
0.001
0.001
0.001
0.001
0.001
0.001
0.001
0.001
0.001
0.001
0.001
0.001
0.001
0.001
0.001
0.001
0.001
0.001
0.001
0.001
0.001
0.001
0.001
0.001
0.001
0.001
