1e+09
1e+09
1e+09
1e+09
1e+09
1e+09
1e+09
9.99999e+08
9.99993e+08
9.99964e+08
9.99907e+08
9.99861e+08
9.9984e+08
9.99576e+08
9.98043e+08
9.92127e+08
9.75024e+08
9.37786e+08
8.81417e+08
8.10327e+08
7.3022e+08
6.44823e+08
5.61295e+08
4.80766e+08
4.05669e+08
3.37349e+08
2.76283e+08
2.22157e+08
1.74949e+08
1.34701e+08
1.01969e+08
7.76906e+07
5.99737e+07
4.6642e+07
3.62843e+07
2.81096e+07
2.20712e+07
1.74008e+07
1.36177e+07
1.06665e+07
8.314e+06
6.5586e+06
5.99824e+06
4.33606e+06
2.25116e+06
185395
20587.9
1278.95
83.9931
42.4218
10.4342
1.83116
1.02834
1.00645
1.0015
1.00013
1.00002
1
1
1
1
1
1
1
1
1
1
1
1
1
1
1
1
1
1
1
1
1
1
1
1
1
1
1
1
1
1
1
1
1
1
1
1
1
1
1
1
1
1
1
1
