1.6876e-06
2.88326e-06
4.30423e-06
8.51356e-05
0.000492115
0.00242054
0.00446901
0.0133273
0.139463
0.675281
1.75606
2.62423
3.01204
8.01422
37.0033
149.219
479.814
1222.29
2378.97
3916.77
5867.31
8048.92
10508.4
13203.4
16104.8
19181.1
22481.4
26023.1
29807.6
33840.4
38068.5
42114.8
45914.9
49390.9
52599.3
55574.6
58352
61145.5
63775.6
66126.1
68240.1
69682.2
69413.7
65450.8
48466.9
8926.56
1040.65
234.657
25.1462
2.61785
0.856337
0.0798873
0.00227262
0.000857725
0.000141855
1.19694e-05
2.5377e-06
7.48467e-07
4.92346e-08
1.14821e-08
2.65653e-09
1.79704e-10
2.04405e-11
4.09862e-12
3.14006e-13
3.01672e-14
9.09387e-15
8.98025e-16
1.17583e-16
4.43604e-17
3.65506e-18
3.10619e-20
0
0
0
0
0
0
0
0
0
0
0
0
0
0
0
0
0
0
0
0
0
0
0
3.88084e-20
-3.89983e-19
-3.278e-18
-7.57765e-18
-1.2025e-17
-1.2025e-17
