x den vel pres
0.000625 1 -1.86437e-14 3
0.001875 1 -1.84587e-14 3
0.003125 1 -1.83194e-14 3
0.004375 1 -1.86823e-14 3
0.005625 1 -1.97191e-14 3
0.006875 1 -2.07671e-14 3
0.008125 1 -2.0907e-14 3
0.009375 1 -2.04678e-14 3
0.010625 1 -1.95848e-14 3
0.011875 1 -1.83688e-14 3
0.013125 1 -1.73776e-14 3
0.014375 1 -1.68796e-14 3
0.015625 1 -1.68375e-14 3
0.016875 1 -1.69389e-14 3
0.018125 1 -1.6846e-14 3
0.019375 1 -1.66403e-14 3
0.020625 1 -1.60671e-14 3
0.021875 1 -1.5165e-14 3
0.023125 1 -1.41392e-14 3
0.024375 1 -1.32455e-14 3
0.025625 1 -1.21754e-14 3
0.026875 1 -1.08264e-14 3
0.028125 1 -9.51072e-15 3
0.029375 1 -7.59406e-15 3
0.030625 1 -4.32056e-15 3
0.031875 1 1.70054e-15 3
0.033125 1 1.59199e-14 3
0.034375 1 4.71937e-14 3
0.035625 1 1.14601e-13 3
0.036875 1 2.59564e-13 3
0.038125 1 5.73031e-13 3
0.039375 1 1.25256e-12 3
0.040625 1 2.7203e-12 3
0.041875 1 5.88292e-12 3
0.043125 1 1.2681e-11 3
0.044375 1 2.72405e-11 3
0.045625 1 5.82913e-11 3
0.046875 1 1.24188e-10 3
0.048125 1 2.63234e-10 3
0.049375 1 5.54735e-10 3
0.050625 1 1.1615e-09 3
0.051875 1 2.41464e-09 3
0.053125 1 4.98084e-09 3
0.054375 1 1.01883e-08 3
0.055625 1 2.06533e-08 3
0.056875 1 4.14692e-08 3
0.058125 1 8.24283e-08 3
0.059375 1 1.62113e-07 3
0.060625 1 3.15306e-07 3
0.061875 1 6.06195e-07 3
0.063125 0.999999 1.15146e-06 3
0.064375 0.999999 2.15993e-06 3
0.065625 0.999998 3.99923e-06 2.99999
0.066875 0.999996 7.30557e-06 2.99999
0.068125 0.999994 1.316e-05 2.99997
0.069375 0.999989 2.3365e-05 2.99995
0.070625 0.99998 4.08651e-05 2.99992
0.071875 0.999966 7.0368e-05 2.99986
0.073125 0.999942 0.00011923 2.99976
0.074375 0.999903 0.000198665 2.99959
0.075625 0.999841 0.000325324 2.99933
0.076875 0.999745 0.000523241 2.99893
0.078125 0.999597 0.00082607 2.99831
0.079375 0.999376 0.00127944 2.99738
0.080625 0.999052 0.00194305 2.99602
0.081875 0.99859 0.00289153 2.99408
0.083125 0.997948 0.00420888 2.99138
0.084375 0.997102 0.00594594 2.98784
0.085625 0.99606 0.0080875 2.98346
0.086875 0.994837 0.0106031 2.97834
0.088125 0.993449 0.0134607 2.97252
0.089375 0.991914 0.0166258 2.96609
0.090625 0.990248 0.0200636 2.95912
0.091875 0.98847 0.0237398 2.95168
0.093125 0.986594 0.0276223 2.94385
0.094375 0.984636 0.0316814 2.93567
0.095625 0.982609 0.0358907 2.92721
0.096875 0.980525 0.0402268 2.91852
0.098125 0.978392 0.0446697 2.90964
0.099375 0.976221 0.0492023 2.90061
0.100625 0.974017 0.0538102 2.89144
0.101875 0.971788 0.0584815 2.88218
0.103125 0.969536 0.0632062 2.87284
0.104375 0.967268 0.0679762 2.86343
0.105625 0.964985 0.0727847 2.85398
0.106875 0.962692 0.077626 2.84448
0.108125 0.960389 0.0824958 2.83496
0.109375 0.958079 0.0873897 2.82542
0.110625 0.955764 0.0923046 2.81587
0.111875 0.953445 0.0972375 2.80631
0.113125 0.951122 0.102187 2.79674
0.114375 0.948798 0.107151 2.78718
0.115625 0.946471 0.112128 2.77761
0.116875 0.944144 0.117116 2.76806
0.118125 0.941817 0.122116 2.75851
0.119375 0.939489 0.127125 2.74897
0.120625 0.937162 0.132143 2.73944
0.121875 0.934836 0.13717 2.72993
0.123125 0.932511 0.142204 2.72043
0.124375 0.930187 0.147244 2.71094
0.125625 0.927865 0.152292 2.70147
0.126875 0.925545 0.157345 2.69202
0.128125 0.923227 0.162404 2.68258
0.129375 0.920911 0.167468 2.67317
0.130625 0.918598 0.172537 2.66377
0.131875 0.916287 0.17761 2.6544
0.133125 0.91398 0.182688 2.64504
0.134375 0.911674 0.187769 2.63571
0.135625 0.909372 0.192855 2.62639
0.136875 0.907073 0.197944 2.6171
0.138125 0.904777 0.203036 2.60783
0.139375 0.902484 0.208131 2.59859
0.140625 0.900195 0.21323 2.58936
0.141875 0.897909 0.218331 2.58016
0.143125 0.895626 0.223436 2.57098
0.144375 0.893347 0.228542 2.56183
0.145625 0.891071 0.233651 2.5527
0.146875 0.888799 0.238763 2.54359
0.148125 0.886531 0.243877 2.5345
0.149375 0.884266 0.248993 2.52544
0.150625 0.882005 0.254111 2.51641
0.151875 0.879748 0.259231 2.5074
0.153125 0.877494 0.264353 2.49841
0.154375 0.875245 0.269477 2.48945
0.155625 0.872999 0.274603 2.48051
0.156875 0.870757 0.27973 2.47159
0.158125 0.868519 0.284859 2.4627
0.159375 0.866284 0.28999 2.45384
0.160625 0.864054 0.295122 2.445
0.161875 0.861828 0.300255 2.43619
0.163125 0.859606 0.30539 2.4274
0.164375 0.857387 0.310527 2.41863
0.165625 0.855173 0.315665 2.40989
0.166875 0.852963 0.320803 2.40117
0.168125 0.850757 0.325944 2.39248
0.169375 0.848554 0.331085 2.38382
0.170625 0.846356 0.336228 2.37518
0.171875 0.844162 0.341371 2.36656
0.173125 0.841972 0.346516 2.35797
0.174375 0.839786 0.351662 2.34941
0.175625 0.837605 0.356809 2.34086
0.176875 0.835427 0.361957 2.33235
0.178125 0.833253 0.367106 2.32386
0.179375 0.831084 0.372256 2.31539
0.180625 0.828919 0.377407 2.30695
0.181875 0.826758 0.382558 2.29853
0.183125 0.824601 0.387711 2.29014
0.184375 0.822448 0.392864 2.28178
0.185625 0.820299 0.398018 2.27344
0.186875 0.818155 0.403173 2.26512
0.188125 0.816014 0.408329 2.25683
0.189375 0.813878 0.413486 2.24856
0.190625 0.811746 0.418643 2.24032
0.191875 0.809618 0.423801 2.2321
0.193125 0.807495 0.42896 2.22391
0.194375 0.805375 0.434119 2.21574
0.195625 0.80326 0.43928 2.2076
0.196875 0.801149 0.44444 2.19948
0.198125 0.799042 0.449602 2.19138
0.199375 0.796939 0.454764 2.18332
0.200625 0.79484 0.459927 2.17527
0.201875 0.792746 0.46509 2.16725
0.203125 0.790655 0.470254 2.15925
0.204375 0.788569 0.475419 2.15128
0.205625 0.786487 0.480584 2.14333
0.206875 0.784409 0.48575 2.13541
0.208125 0.782336 0.490916 2.12751
0.209375 0.780266 0.496083 2.11964
0.210625 0.778201 0.50125 2.11179
0.211875 0.77614 0.506418 2.10396
0.213125 0.774083 0.511587 2.09616
0.214375 0.77203 0.516756 2.08838
0.215625 0.769981 0.521925 2.08063
0.216875 0.767937 0.527095 2.0729
0.218125 0.765897 0.532265 2.06519
0.219375 0.763861 0.537436 2.05751
0.220625 0.761829 0.542607 2.04985
0.221875 0.759801 0.547779 2.04221
0.223125 0.757777 0.552951 2.0346
0.224375 0.755758 0.558124 2.02702
0.225625 0.753742 0.563297 2.01945
0.226875 0.751731 0.56847 2.01191
0.228125 0.749724 0.573644 2.0044
0.229375 0.747721 0.578818 1.9969
0.230625 0.745722 0.583993 1.98943
0.231875 0.743727 0.589168 1.98199
0.233125 0.741737 0.594343 1.97456
0.234375 0.73975 0.599519 1.96716
0.235625 0.737768 0.604695 1.95979
0.236875 0.73579 0.609871 1.95244
0.238125 0.733816 0.615048 1.94511
0.239375 0.731846 0.620225 1.9378
0.240625 0.72988 0.625402 1.93052
0.241875 0.727918 0.63058 1.92326
0.243125 0.72596 0.635758 1.91602
0.244375 0.724007 0.640937 1.9088
0.245625 0.722057 0.646115 1.90161
0.246875 0.720112 0.651294 1.89444
0.248125 0.71817 0.656474 1.8873
0.249375 0.716233 0.661654 1.88017
0.250625 0.7143 0.666834 1.87307
0.251875 0.712371 0.672014 1.86599
0.253125 0.710446 0.677195 1.85894
0.254375 0.708525 0.682376 1.8519
0.255625 0.706608 0.687557 1.84489
0.256875 0.704695 0.692738 1.8379
0.258125 0.702786 0.69792 1.83094
0.259375 0.700881 0.703102 1.82399
0.260625 0.69898 0.708284 1.81707
0.261875 0.697083 0.713467 1.81017
0.263125 0.69519 0.71865 1.8033
0.264375 0.693302 0.723833 1.79644
0.265625 0.691417 0.729016 1.78961
0.266875 0.689536 0.7342 1.7828
0.268125 0.68766 0.739383 1.77601
0.269375 0.685787 0.744567 1.76924
0.270625 0.683918 0.749751 1.76249
0.271875 0.682054 0.754936 1.75577
0.273125 0.680193 0.760121 1.74907
0.274375 0.678336 0.765306 1.74239
0.275625 0.676483 0.770491 1.73573
0.276875 0.674635 0.775676 1.72909
0.278125 0.67279 0.780862 1.72247
0.279375 0.670949 0.786047 1.71588
0.280625 0.669112 0.791233 1.70931
0.281875 0.667279 0.796419 1.70276
0.283125 0.66545 0.801606 1.69622
0.284375 0.663625 0.806792 1.68972
0.285625 0.661804 0.811979 1.68323
0.286875 0.659987 0.817166 1.67676
0.288125 0.658174 0.822353 1.67032
0.289375 0.656364 0.82754 1.66389
0.290625 0.654559 0.832728 1.65749
0.291875 0.652758 0.837915 1.6511
0.293125 0.65096 0.843103 1.64474
0.294375 0.649166 0.848291 1.6384
0.295625 0.647377 0.853479 1.63208
0.296875 0.645591 0.858668 1.62578
0.298125 0.643809 0.863856 1.6195
0.299375 0.642031 0.869045 1.61324
0.300625 0.640256 0.874234 1.607
0.301875 0.638486 0.879423 1.60079
0.303125 0.63672 0.884612 1.59459
0.304375 0.634957 0.889801 1.58841
0.305625 0.633198 0.89499 1.58226
0.306875 0.631443 0.90018 1.57612
0.308125 0.629692 0.90537 1.57001
0.309375 0.627945 0.91056 1.56391
0.310625 0.626201 0.91575 1.55783
0.311875 0.624462 0.92094 1.55178
0.313125 0.622726 0.926131 1.54574
0.314375 0.620994 0.931321 1.53973
0.315625 0.619266 0.936512 1.53373
0.316875 0.617542 0.941703 1.52776
0.318125 0.615821 0.946893 1.5218
0.319375 0.614104 0.952084 1.51587
0.320625 0.612391 0.957276 1.50995
0.321875 0.610682 0.962467 1.50405
0.323125 0.608977 0.967658 1.49818
0.324375 0.607275 0.97285 1.49232
0.325625 0.605577 0.978041 1.48648
0.326875 0.603883 0.983233 1.48066
0.328125 0.602193 0.988425 1.47486
0.329375 0.600506 0.993617 1.46908
0.330625 0.598823 0.998809 1.46332
0.331875 0.597144 1.004 1.45758
0.333125 0.595469 1.00919 1.45186
0.334375 0.593797 1.01439 1.44616
0.335625 0.592129 1.01958 1.44047
0.336875 0.590465 1.02477 1.43481
0.338125 0.588805 1.02996 1.42916
0.339375 0.587148 1.03516 1.42354
0.340625 0.585495 1.04035 1.41793
0.341875 0.583846 1.04554 1.41234
0.343125 0.5822 1.05073 1.40677
0.344375 0.580558 1.05593 1.40122
0.345625 0.57892 1.06112 1.39569
0.346875 0.577285 1.06631 1.39017
0.348125 0.575655 1.07151 1.38468
0.349375 0.574027 1.0767 1.3792
0.350625 0.572404 1.08189 1.37374
0.351875 0.570784 1.08709 1.3683
0.353125 0.569168 1.09228 1.36288
0.354375 0.567555 1.09747 1.35748
0.355625 0.565946 1.10267 1.35209
0.356875 0.564341 1.10786 1.34673
0.358125 0.562739 1.11305 1.34138
0.359375 0.561141 1.11825 1.33605
0.360625 0.559546 1.12344 1.33074
0.361875 0.557956 1.12863 1.32544
0.363125 0.556368 1.13383 1.32017
0.364375 0.554785 1.13902 1.31491
0.365625 0.553205 1.14422 1.30967
0.366875 0.551628 1.14941 1.30445
0.368125 0.550055 1.1546 1.29924
0.369375 0.548486 1.1598 1.29406
0.370625 0.54692 1.16499 1.28889
0.371875 0.545358 1.17018 1.28374
0.373125 0.5438 1.17538 1.27861
0.374375 0.542245 1.18057 1.27349
0.375625 0.540693 1.18577 1.26839
0.376875 0.539146 1.19096 1.26331
0.378125 0.537601 1.19615 1.25825
0.379375 0.536061 1.20135 1.2532
0.380625 0.534523 1.20654 1.24817
0.381875 0.53299 1.21174 1.24316
0.383125 0.53146 1.21693 1.23817
0.384375 0.529933 1.22212 1.23319
0.385625 0.52841 1.22732 1.22823
0.386875 0.52689 1.23251 1.22329
0.388125 0.525374 1.2377 1.21837
0.389375 0.523862 1.2429 1.21346
0.390625 0.522353 1.24809 1.20857
0.391875 0.520847 1.25328 1.2037
0.393125 0.519345 1.25848 1.19884
0.394375 0.517847 1.26367 1.194
0.395625 0.516352 1.26886 1.18918
0.396875 0.51486 1.27405 1.18437
0.398125 0.513372 1.27925 1.17958
0.399375 0.511888 1.28444 1.17481
0.400625 0.510406 1.28963 1.17005
0.401875 0.508929 1.29483 1.16531
0.403125 0.507455 1.30002 1.16059
0.404375 0.505984 1.30521 1.15588
0.405625 0.504517 1.3104 1.15119
0.406875 0.503053 1.31559 1.14652
0.408125 0.501592 1.32079 1.14186
0.409375 0.500135 1.32598 1.13722
0.410625 0.498682 1.33117 1.1326
0.411875 0.497232 1.33636 1.12799
0.413125 0.495785 1.34155 1.12339
0.414375 0.494341 1.34674 1.11882
0.415625 0.492902 1.35193 1.11426
0.416875 0.491465 1.35712 1.10972
0.418125 0.490032 1.36231 1.10519
0.419375 0.488602 1.36751 1.10068
0.420625 0.487176 1.3727 1.09618
0.421875 0.485753 1.37789 1.0917
0.423125 0.484333 1.38308 1.08724
0.424375 0.482917 1.38827 1.08279
0.425625 0.481504 1.39345 1.07836
0.426875 0.480095 1.39864 1.07394
0.428125 0.478689 1.40383 1.06954
0.429375 0.477286 1.40902 1.06515
0.430625 0.475887 1.41421 1.06078
0.431875 0.47449 1.4194 1.05643
0.433125 0.473098 1.42459 1.05209
0.434375 0.471708 1.42978 1.04777
0.435625 0.470322 1.43496 1.04346
0.436875 0.468939 1.44015 1.03917
0.438125 0.46756 1.44534 1.03489
0.439375 0.466183 1.45053 1.03063
0.440625 0.46481 1.45572 1.02638
0.441875 0.46344 1.4609 1.02215
0.443125 0.462074 1.46609 1.01793
0.444375 0.460711 1.47128 1.01373
0.445625 0.459351 1.47646 1.00954
0.446875 0.457994 1.48165 1.00537
0.448125 0.456641 1.48684 1.00121
0.449375 0.455291 1.49202 0.997072
0.450625 0.453944 1.49721 0.992945
0.451875 0.4526 1.5024 0.988833
0.453125 0.45126 1.50758 0.984735
0.454375 0.449922 1.51277 0.980652
0.455625 0.448588 1.51795 0.976583
0.456875 0.447257 1.52314 0.972529
0.458125 0.44593 1.52832 0.96849
0.459375 0.444605 1.53351 0.964465
0.460625 0.443284 1.53869 0.960455
0.461875 0.441966 1.54388 0.956459
0.463125 0.440651 1.54906 0.952477
0.464375 0.439339 1.55425 0.94851
0.465625 0.43803 1.55943 0.944557
0.466875 0.436725 1.56462 0.940618
0.468125 0.435423 1.5698 0.936694
0.469375 0.434123 1.57499 0.932783
0.470625 0.432827 1.58017 0.928887
0.471875 0.431534 1.58536 0.925004
0.473125 0.430245 1.59054 0.921136
0.474375 0.428958 1.59572 0.917282
0.475625 0.427674 1.60091 0.913442
0.476875 0.426394 1.60609 0.909615
0.478125 0.425117 1.61127 0.905802
0.479375 0.423842 1.61646 0.902003
0.480625 0.422571 1.62164 0.898218
0.481875 0.421303 1.62682 0.894447
0.483125 0.420038 1.63201 0.890689
0.484375 0.418776 1.63719 0.886945
0.485625 0.417517 1.64237 0.883214
0.486875 0.416261 1.64755 0.879497
0.488125 0.415008 1.65274 0.875794
0.489375 0.413759 1.65792 0.872104
0.490625 0.412512 1.6631 0.868427
0.491875 0.411268 1.66828 0.864764
0.493125 0.410028 1.67346 0.861114
0.494375 0.40879 1.67865 0.857478
0.495625 0.407556 1.68383 0.853856
0.496875 0.406325 1.68901 0.850247
0.498125 0.405097 1.69419 0.846651
0.499375 0.403872 1.69936 0.843069
0.500625 0.402649 1.70454 0.839499
0.501875 0.40143 1.70972 0.835943
0.503125 0.400214 1.7149 0.832399
0.504375 0.399 1.72008 0.828868
0.505625 0.39779 1.72526 0.825349
0.506875 0.396583 1.73044 0.821844
0.508125 0.395378 1.73562 0.818353
0.509375 0.394177 1.7408 0.814874
0.510625 0.392979 1.74598 0.811408
0.511875 0.391784 1.75115 0.807956
0.513125 0.390592 1.75633 0.804518
0.514375 0.389404 1.7615 0.801092
0.515625 0.388218 1.76667 0.79768
0.516875 0.387036 1.77184 0.794282
0.518125 0.385858 1.77701 0.790898
0.519375 0.384682 1.78218 0.787528
0.520625 0.383511 1.78734 0.784172
0.521875 0.382343 1.7925 0.78083
0.523125 0.381179 1.79765 0.777504
0.524375 0.380019 1.8028 0.774194
0.525625 0.378863 1.80794 0.770901
0.526875 0.377713 1.81307 0.767626
0.528125 0.376569 1.81819 0.764372
0.529375 0.375431 1.82329 0.76114
0.530625 0.374301 1.82837 0.757936
0.531875 0.373182 1.83341 0.754764
0.533125 0.372074 1.83841 0.751631
0.534375 0.370983 1.84335 0.748545
0.535625 0.369911 1.84821 0.74552
0.536875 0.368865 1.85296 0.742571
0.538125 0.367852 1.85758 0.739715
0.539375 0.366879 1.86202 0.736978
0.540625 0.365957 1.86624 0.734387
0.541875 0.365099 1.87017 0.731977
0.543125 0.364317 1.87376 0.729784
0.544375 0.363627 1.87694 0.72785
0.545625 0.363044 1.87962 0.726217
0.546875 0.362582 1.88176 0.724923
0.548125 0.362257 1.88325 0.724013
0.549375 0.362059 1.88416 0.72346
0.550625 0.361957 1.88464 0.723175
0.551875 0.361926 1.88479 0.723086
0.553125 0.36195 1.88467 0.723154
0.554375 0.362024 1.88433 0.723362
0.555625 0.362143 1.88378 0.723694
0.556875 0.362296 1.88307 0.724122
0.558125 0.362471 1.88227 0.724612
0.559375 0.362655 1.88142 0.725127
0.560625 0.362835 1.88059 0.725631
0.561875 0.362998 1.87984 0.726087
0.563125 0.363135 1.87921 0.72647
0.564375 0.363238 1.87873 0.726759
0.565625 0.363305 1.87842 0.726948
0.566875 0.363345 1.87824 0.72706
0.568125 0.363368 1.87814 0.727123
0.569375 0.363379 1.87808 0.727154
0.570625 0.363384 1.87806 0.727167
0.571875 0.363385 1.87805 0.727173
0.573125 0.363386 1.87805 0.727173
0.574375 0.363385 1.87805 0.727171
0.575625 0.363383 1.87806 0.727166
0.576875 0.363381 1.87807 0.727159
0.578125 0.363378 1.87809 0.727151
0.579375 0.363375 1.8781 0.727143
0.580625 0.363372 1.87811 0.727136
0.581875 0.36337 1.87812 0.72713
0.583125 0.363368 1.87813 0.727125
0.584375 0.363367 1.87813 0.727122
0.585625 0.363367 1.87814 0.727121
0.586875 0.363367 1.87813 0.727122
0.588125 0.363368 1.87813 0.727125
0.589375 0.36337 1.87812 0.727129
0.590625 0.363372 1.87811 0.727136
0.591875 0.363375 1.8781 0.727143
0.593125 0.363378 1.87808 0.727152
0.594375 0.363382 1.87807 0.727163
0.595625 0.363386 1.87805 0.727174
0.596875 0.36339 1.87803 0.727186
0.598125 0.363394 1.87801 0.727198
0.599375 0.363399 1.87799 0.72721
0.600625 0.363403 1.87797 0.727222
0.601875 0.363407 1.87795 0.727234
0.603125 0.363411 1.87793 0.727244
0.604375 0.363414 1.87792 0.727253
0.605625 0.363417 1.87791 0.727261
0.606875 0.363419 1.8779 0.727267
0.608125 0.363421 1.87789 0.727272
0.609375 0.363422 1.87788 0.727276
0.610625 0.363423 1.87787 0.72728
0.611875 0.363424 1.87787 0.727283
0.613125 0.363425 1.87787 0.727285
0.614375 0.363426 1.87786 0.727287
0.615625 0.363426 1.87786 0.727289
0.616875 0.363427 1.87786 0.72729
0.618125 0.363427 1.87786 0.72729
0.619375 0.363427 1.87786 0.727291
0.620625 0.363427 1.87786 0.727291
0.621875 0.363427 1.87786 0.727291
0.623125 0.363427 1.87786 0.727291
0.624375 0.363427 1.87786 0.727291
0.625625 0.363427 1.87786 0.727291
0.626875 0.363427 1.87786 0.727291
0.628125 0.363427 1.87786 0.727291
0.629375 0.363427 1.87786 0.727292
0.630625 0.363427 1.87785 0.727292
0.631875 0.363428 1.87785 0.727293
0.633125 0.363428 1.87785 0.727294
0.634375 0.363429 1.87785 0.727295
0.635625 0.363429 1.87785 0.727297
0.636875 0.36343 1.87784 0.7273
0.638125 0.363431 1.87784 0.727303
0.639375 0.363432 1.87783 0.727305
0.640625 0.363433 1.87783 0.727308
0.641875 0.363434 1.87783 0.72731
0.643125 0.363434 1.87782 0.727312
0.644375 0.363435 1.87782 0.727313
0.645625 0.363435 1.87782 0.727313
0.646875 0.363435 1.87782 0.727314
0.648125 0.363435 1.87782 0.727314
0.649375 0.363435 1.87782 0.727313
0.650625 0.363435 1.87782 0.727313
0.651875 0.363434 1.87782 0.727313
0.653125 0.363434 1.87782 0.727312
0.654375 0.363434 1.87782 0.727311
0.655625 0.363434 1.87782 0.72731
0.656875 0.363433 1.87783 0.72731
0.658125 0.363433 1.87783 0.727309
0.659375 0.363433 1.87783 0.727309
0.660625 0.363433 1.87783 0.727308
0.661875 0.363433 1.87783 0.727308
0.663125 0.363432 1.87783 0.727308
0.664375 0.363432 1.87783 0.727308
0.665625 0.363432 1.87783 0.727308
0.666875 0.363432 1.87783 0.727308
0.668125 0.363432 1.87783 0.727308
0.669375 0.363432 1.87783 0.727307
0.670625 0.363432 1.87783 0.727307
0.671875 0.363432 1.87783 0.727306
0.673125 0.363431 1.87783 0.727306
0.674375 0.363431 1.87783 0.727305
0.675625 0.363431 1.87784 0.727304
0.676875 0.36343 1.87784 0.727303
0.678125 0.36343 1.87784 0.727303
0.679375 0.36343 1.87784 0.727303
0.680625 0.36343 1.87784 0.727303
0.681875 0.36343 1.87784 0.727303
0.683125 0.363431 1.87783 0.727305
0.684375 0.363431 1.87783 0.727307
0.685625 0.363432 1.87783 0.727309
0.686875 0.363433 1.87782 0.727311
0.688125 0.363434 1.87782 0.727313
0.689375 0.363434 1.87782 0.727315
0.690625 0.363434 1.87782 0.727316
0.691875 0.363434 1.87782 0.727316
0.693125 0.363434 1.87782 0.727315
0.694375 0.363434 1.87782 0.727314
0.695625 0.363433 1.87782 0.727311
0.696875 0.363432 1.87783 0.727309
0.698125 0.363431 1.87783 0.727306
0.699375 0.363429 1.87784 0.727303
0.700625 0.363428 1.87784 0.7273
0.701875 0.363428 1.87785 0.727298
0.703125 0.363427 1.87785 0.727297
0.704375 0.363427 1.87785 0.727296
0.705625 0.363427 1.87785 0.727297
0.706875 0.363427 1.87785 0.727297
0.708125 0.363428 1.87784 0.727299
0.709375 0.363428 1.87784 0.7273
0.710625 0.363429 1.87784 0.727302
0.711875 0.363429 1.87784 0.727304
0.713125 0.36343 1.87783 0.727305
0.714375 0.36343 1.87783 0.727306
0.715625 0.36343 1.87783 0.727307
0.716875 0.36343 1.87783 0.727307
0.718125 0.36343 1.87783 0.727307
0.719375 0.36343 1.87783 0.727306
0.720625 0.36343 1.87783 0.727306
0.721875 0.363429 1.87783 0.727306
0.723125 0.363429 1.87783 0.727306
0.724375 0.363429 1.87783 0.727306
0.725625 0.363429 1.87783 0.727306
0.726875 0.363429 1.87783 0.727307
0.728125 0.36343 1.87783 0.727308
0.729375 0.363431 1.87782 0.72731
0.730625 0.363432 1.87782 0.727313
0.731875 0.363433 1.87781 0.727317
0.733125 0.363434 1.87781 0.72732
0.734375 0.363435 1.8778 0.727323
0.735625 0.363436 1.8778 0.727326
0.736875 0.363436 1.8778 0.727328
0.738125 0.363437 1.87779 0.72733
0.739375 0.363437 1.87779 0.72733
0.740625 0.363437 1.87779 0.72733
0.741875 0.363436 1.8778 0.727328
0.743125 0.363434 1.8778 0.727324
0.744375 0.363432 1.87781 0.727319
0.745625 0.36343 1.87782 0.727313
0.746875 0.363428 1.87783 0.727307
0.748125 0.363426 1.87784 0.727301
0.749375 0.363424 1.87785 0.727295
0.750625 0.363422 1.87786 0.727291
0.751875 0.363421 1.87786 0.727288
0.753125 0.36342 1.87786 0.727287
0.754375 0.36342 1.87786 0.727287
0.755625 0.36342 1.87786 0.727288
0.756875 0.363421 1.87786 0.72729
0.758125 0.363421 1.87786 0.727292
0.759375 0.363422 1.87785 0.727294
0.760625 0.363423 1.87785 0.727297
0.761875 0.363423 1.87784 0.727299
0.763125 0.363424 1.87784 0.727302
0.764375 0.363424 1.87784 0.727303
0.765625 0.363425 1.87783 0.727305
0.766875 0.363425 1.87783 0.727306
0.768125 0.363425 1.87783 0.727308
0.769375 0.363426 1.87783 0.727309
0.770625 0.363426 1.87782 0.727311
0.771875 0.363426 1.87782 0.727313
0.773125 0.363427 1.87782 0.727316
0.774375 0.363428 1.87781 0.727319
0.775625 0.363429 1.87781 0.727321
0.776875 0.363429 1.8778 0.727324
0.778125 0.36343 1.8778 0.727327
0.779375 0.36343 1.87779 0.727329
0.780625 0.363431 1.87779 0.72733
0.781875 0.363431 1.87779 0.727331
0.783125 0.36343 1.87779 0.727332
0.784375 0.36343 1.87779 0.727331
0.785625 0.363429 1.87779 0.72733
0.786875 0.363428 1.8778 0.727328
0.788125 0.363427 1.8778 0.727325
0.789375 0.363425 1.87781 0.727322
0.790625 0.363423 1.87781 0.727319
0.791875 0.363422 1.87782 0.727315
0.793125 0.36342 1.87782 0.727312
0.794375 0.363418 1.87783 0.727308
0.795625 0.363416 1.87783 0.727305
0.796875 0.363415 1.87784 0.727301
0.798125 0.363413 1.87785 0.727298
0.799375 0.363411 1.87785 0.727295
0.800625 0.363409 1.87786 0.727292
0.801875 0.363408 1.87786 0.727289
0.803125 0.363406 1.87786 0.727287
0.804375 0.363405 1.87787 0.727286
0.805625 0.363404 1.87787 0.727285
0.806875 0.363403 1.87786 0.727286
0.808125 0.363403 1.87786 0.727288
0.809375 0.363403 1.87786 0.72729
0.810625 0.363403 1.87786 0.727292
0.811875 0.363402 1.87785 0.727295
0.813125 0.363402 1.87785 0.727297
0.814375 0.363402 1.87784 0.7273
0.815625 0.363401 1.87784 0.727302
0.816875 0.363401 1.87784 0.727304
0.818125 0.3634 1.87783 0.727306
0.819375 0.363398 1.87783 0.727308
0.820625 0.363397 1.87783 0.727309
0.821875 0.363395 1.87783 0.72731
0.823125 0.363393 1.87783 0.727309
0.824375 0.36339 1.87783 0.727309
0.825625 0.363387 1.87783 0.727308
0.826875 0.363384 1.87783 0.727308
0.828125 0.363381 1.87783 0.727308
0.829375 0.363378 1.87783 0.727308
0.830625 0.363375 1.87783 0.727308
0.831875 0.363371 1.87783 0.727308
0.833125 0.363367 1.87783 0.727308
0.834375 0.363363 1.87783 0.727307
0.835625 0.363358 1.87783 0.727306
0.836875 0.363354 1.87783 0.727306
0.838125 0.363349 1.87783 0.727308
0.839375 0.363344 1.87783 0.72731
0.840625 0.363338 1.87782 0.727311
0.841875 0.36333 1.87783 0.72731
0.843125 0.36332 1.87783 0.727308
0.844375 0.363307 1.87783 0.727307
0.845625 0.363291 1.87783 0.727307
0.846875 0.36327 1.87783 0.727309
0.848125 0.363239 1.87783 0.72731
0.849375 0.363191 1.87783 0.72731
0.850625 0.363117 1.87783 0.727309
0.851875 0.363001 1.87783 0.727308
0.853125 0.362821 1.87783 0.727308
0.854375 0.362554 1.87783 0.727309
0.855625 0.362203 1.87783 0.727309
0.856875 0.36179 1.87783 0.727309
0.858125 0.361338 1.87783 0.727309
0.859375 0.360876 1.87783 0.727309
0.860625 0.360454 1.87783 0.727309
0.861875 0.360109 1.87783 0.727309
0.863125 0.359878 1.87783 0.72731
0.864375 0.359789 1.87783 0.72731
0.865625 0.359858 1.87783 0.727309
0.866875 0.360126 1.87783 0.727309
0.868125 0.360684 1.87783 0.727309
0.869375 0.361681 1.87783 0.727309
0.870625 0.363323 1.87783 0.727309
0.871875 0.365826 1.87783 0.727309
0.873125 0.369217 1.87783 0.727309
0.874375 0.373354 1.87783 0.727308
0.875625 0.378087 1.87783 0.727307
0.876875 0.383244 1.87783 0.727307
0.878125 0.38864 1.87783 0.727307
0.879375 0.394097 1.87783 0.727308
0.880625 0.399339 1.87783 0.727308
0.881875 0.404197 1.87782 0.727308
0.883125 0.408494 1.87782 0.727312
0.884375 0.412102 1.87783 0.727323
0.885625 0.41491 1.87785 0.72734
0.886875 0.416879 1.87784 0.72734
0.888125 0.418163 1.87777 0.727302
0.889375 0.418998 1.87775 0.727285
0.890625 0.419545 1.87779 0.727309
0.891875 0.419891 1.87785 0.727358
0.893125 0.420086 1.87786 0.727369
0.894375 0.420185 1.87782 0.727342
0.895625 0.420236 1.87779 0.727316
0.896875 0.420264 1.87778 0.727305
0.898125 0.420284 1.87779 0.72731
0.899375 0.420298 1.87781 0.727322
0.900625 0.420307 1.87782 0.727329
0.901875 0.420313 1.87783 0.727327
0.903125 0.420319 1.87782 0.727322
0.904375 0.420325 1.87782 0.727315
0.905625 0.420335 1.87782 0.727309
0.906875 0.420345 1.87782 0.727307
0.908125 0.420356 1.87783 0.727306
0.909375 0.420365 1.87783 0.727308
0.910625 0.420371 1.87784 0.727307
0.911875 0.420374 1.87784 0.727305
0.913125 0.420375 1.87784 0.727303
0.914375 0.420376 1.87784 0.727301
0.915625 0.420377 1.87784 0.727299
0.916875 0.420378 1.87784 0.727297
0.918125 0.420378 1.87785 0.727296
0.919375 0.420378 1.87785 0.727294
0.920625 0.420377 1.87786 0.727291
0.921875 0.420376 1.87786 0.727287
0.923125 0.420375 1.87787 0.727283
0.924375 0.420373 1.87787 0.727279
0.925625 0.420373 1.87788 0.727276
0.926875 0.420372 1.87788 0.727274
0.928125 0.420372 1.87788 0.727274
0.929375 0.420373 1.87788 0.727276
0.930625 0.420374 1.87788 0.727279
0.931875 0.420376 1.87787 0.727284
0.933125 0.420378 1.87786 0.72729
0.934375 0.420381 1.87785 0.727297
0.935625 0.420384 1.87784 0.727305
0.936875 0.420386 1.87783 0.727312
0.938125 0.420388 1.87782 0.727318
0.939375 0.420389 1.87781 0.727321
0.940625 0.42039 1.87781 0.727322
0.941875 0.42039 1.87781 0.727322
0.943125 0.420389 1.87781 0.727322
0.944375 0.420389 1.87781 0.72732
0.945625 0.420389 1.87781 0.727319
0.946875 0.420389 1.87782 0.727318
0.948125 0.42039 1.87782 0.727318
0.949375 0.420393 1.87781 0.72732
0.950625 0.420396 1.87781 0.727324
0.951875 0.420399 1.8778 0.727328
0.953125 0.420403 1.87779 0.727333
0.954375 0.420407 1.87779 0.727338
0.955625 0.420409 1.87778 0.727342
0.956875 0.420412 1.87778 0.727344
0.958125 0.420412 1.87778 0.727344
0.959375 0.420412 1.87778 0.727342
0.960625 0.420409 1.87779 0.727337
0.961875 0.420406 1.8778 0.727328
0.963125 0.420401 1.87781 0.727318
0.964375 0.420396 1.87783 0.727308
0.965625 0.420391 1.87784 0.727299
0.966875 0.420387 1.87785 0.727293
0.968125 0.420383 1.87786 0.727287
0.969375 0.42038 1.87787 0.727282
0.970625 0.420376 1.87788 0.727276
0.971875 0.420373 1.87789 0.72727
0.973125 0.420369 1.8779 0.727265
0.974375 0.420367 1.8779 0.727262
0.975625 0.420366 1.8779 0.727264
0.976875 0.420366 1.87789 0.727269
0.978125 0.420368 1.87788 0.727277
0.979375 0.42037 1.87786 0.727287
0.980625 0.420371 1.87785 0.727296
0.981875 0.420372 1.87784 0.727303
0.983125 0.420371 1.87783 0.727308
0.984375 0.420371 1.87783 0.727311
0.985625 0.420372 1.87782 0.727314
0.986875 0.420374 1.87781 0.727323
0.988125 0.420379 1.87779 0.727334
0.989375 0.420383 1.87778 0.727343
0.990625 0.420387 1.87778 0.727341
0.991875 0.420389 1.87779 0.727336
0.993125 0.420378 1.87784 0.727301
0.994375 0.420317 1.87809 0.727142
0.995625 0.420155 1.8787 0.726741
0.996875 0.419886 1.87971 0.726081
0.998125 0.419608 1.88075 0.725398
0.999375 0.419467 1.88128 0.725056
