x den vel pres
0.000625 1 8.85105e-14 3.5
0.001875 1 1.59634e-13 3.5
0.003125 1 3.13944e-13 3.5
0.004375 1 6.43933e-13 3.5
0.005625 1 1.37208e-12 3.5
0.006875 1 2.94886e-12 3.5
0.008125 1 6.33721e-12 3.5
0.009375 1 1.35773e-11 3.5
0.010625 1 2.89576e-11 3.5
0.011875 1 6.14421e-11 3.5
0.013125 1 1.29651e-10 3.5
0.014375 1 2.71948e-10 3.5
0.015625 1 5.66709e-10 3.5
0.016875 1 1.17264e-09 3.5
0.018125 1 2.40806e-09 3.5
0.019375 1 4.90509e-09 3.5
0.020625 1 9.90569e-09 3.5
0.021875 1 1.98231e-08 3.5
0.023125 1 3.92924e-08 3.5
0.024375 1 7.7109e-08 3.5
0.025625 1 1.49753e-07 3.5
0.026875 1 2.87699e-07 3.5
0.028125 1 5.46538e-07 3.5
0.029375 1 1.02623e-06 3.5
0.030625 0.999999 1.90386e-06 3.5
0.031875 0.999998 3.48831e-06 3.49999
0.033125 0.999997 6.30964e-06 3.49999
0.034375 0.999995 1.1262e-05 3.49998
0.035625 0.999991 1.9827e-05 3.49996
0.036875 0.999984 3.44131e-05 3.49992
0.038125 0.999973 5.88576e-05 3.49987
0.039375 0.999955 9.91446e-05 3.49978
0.040625 0.999926 0.000164395 3.49964
0.041875 0.999879 0.000268173 3.49941
0.043125 0.999806 0.000430133 3.49905
0.044375 0.999694 0.00067796 3.4985
0.045625 0.999526 0.0010495 3.49768
0.046875 0.99928 0.00159488 3.49647
0.048125 0.998926 0.00237806 3.49474
0.049375 0.998431 0.00347605 3.49231
0.050625 0.997759 0.0049659 3.48902
0.051875 0.996902 0.00686583 3.48483
0.053125 0.995873 0.00915152 3.47979
0.054375 0.994684 0.0117931 3.47398
0.055625 0.993351 0.0147585 3.46746
0.056875 0.991888 0.0180144 3.46032
0.058125 0.990313 0.0215273 3.45262
0.059375 0.988639 0.0252649 3.44446
0.060625 0.98688 0.0291966 3.43588
0.061875 0.985049 0.0332949 3.42696
0.063125 0.983158 0.037535 3.41775
0.064375 0.981216 0.041895 3.40831
0.065625 0.979233 0.0463565 3.39867
0.066875 0.977215 0.0509033 3.38886
0.068125 0.975168 0.055522 3.37893
0.069375 0.973098 0.0602016 3.36889
0.070625 0.971008 0.0649325 3.35877
0.071875 0.968903 0.0697073 3.34858
0.073125 0.966786 0.0745193 3.33834
0.074375 0.964657 0.0793635 3.32806
0.075625 0.962521 0.0842352 3.31774
0.076875 0.960378 0.0891309 3.3074
0.078125 0.958229 0.0940473 3.29705
0.079375 0.956077 0.0989815 3.28669
0.080625 0.953922 0.103932 3.27632
0.081875 0.951764 0.108896 3.26595
0.083125 0.949604 0.113874 3.25558
0.084375 0.947444 0.118863 3.24521
0.085625 0.945283 0.123863 3.23485
0.086875 0.943121 0.128873 3.2245
0.088125 0.94096 0.133891 3.21416
0.089375 0.938799 0.138918 3.20383
0.090625 0.936639 0.143952 3.19352
0.091875 0.934479 0.148993 3.18321
0.093125 0.932322 0.15404 3.17293
0.094375 0.930165 0.159093 3.16266
0.095625 0.92801 0.164152 3.15241
0.096875 0.925857 0.169216 3.14217
0.098125 0.923706 0.174285 3.13196
0.099375 0.921557 0.179359 3.12176
0.100625 0.919411 0.184436 3.11158
0.101875 0.917266 0.189518 3.10143
0.103125 0.915124 0.194604 3.09129
0.104375 0.912985 0.199693 3.08118
0.105625 0.910848 0.204785 3.07109
0.106875 0.908714 0.209881 3.06102
0.108125 0.906582 0.214979 3.05097
0.109375 0.904453 0.220081 3.04095
0.110625 0.902328 0.225185 3.03095
0.111875 0.900205 0.230292 3.02097
0.113125 0.898085 0.235401 3.01101
0.114375 0.895968 0.240512 3.00108
0.115625 0.893854 0.245626 2.99117
0.116875 0.891743 0.250742 2.98129
0.118125 0.889636 0.25586 2.97143
0.119375 0.887531 0.260981 2.96159
0.120625 0.88543 0.266103 2.95178
0.121875 0.883332 0.271226 2.94199
0.123125 0.881237 0.276352 2.93223
0.124375 0.879146 0.281479 2.92249
0.125625 0.877057 0.286608 2.91278
0.126875 0.874973 0.291739 2.90309
0.128125 0.872891 0.296871 2.89343
0.129375 0.870813 0.302004 2.88379
0.130625 0.868738 0.307139 2.87417
0.131875 0.866667 0.312276 2.86458
0.133125 0.864599 0.317413 2.85502
0.134375 0.862535 0.322552 2.84548
0.135625 0.860474 0.327692 2.83596
0.136875 0.858416 0.332833 2.82648
0.138125 0.856362 0.337976 2.81701
0.139375 0.854311 0.343119 2.80757
0.140625 0.852264 0.348264 2.79816
0.141875 0.850221 0.35341 2.78877
0.143125 0.848181 0.358557 2.77941
0.144375 0.846144 0.363704 2.77007
0.145625 0.844111 0.368853 2.76075
0.146875 0.842082 0.374003 2.75147
0.148125 0.840056 0.379153 2.7422
0.149375 0.838033 0.384305 2.73296
0.150625 0.836014 0.389457 2.72375
0.151875 0.833999 0.394611 2.71456
0.153125 0.831987 0.399765 2.7054
0.154375 0.829979 0.404919 2.69626
0.155625 0.827975 0.410075 2.68715
0.156875 0.825974 0.415231 2.67806
0.158125 0.823976 0.420389 2.669
0.159375 0.821983 0.425546 2.65997
0.160625 0.819992 0.430705 2.65095
0.161875 0.818006 0.435864 2.64197
0.163125 0.816023 0.441024 2.633
0.164375 0.814043 0.446185 2.62407
0.165625 0.812067 0.451346 2.61515
0.166875 0.810095 0.456508 2.60627
0.168125 0.808127 0.46167 2.5974
0.169375 0.806161 0.466834 2.58857
0.170625 0.8042 0.471997 2.57975
0.171875 0.802242 0.477162 2.57096
0.173125 0.800288 0.482327 2.5622
0.174375 0.798337 0.487492 2.55346
0.175625 0.79639 0.492658 2.54475
0.176875 0.794447 0.497824 2.53606
0.178125 0.792507 0.502992 2.52739
0.179375 0.790571 0.508159 2.51875
0.180625 0.788638 0.513327 2.51013
0.181875 0.786709 0.518496 2.50154
0.183125 0.784783 0.523665 2.49298
0.184375 0.782861 0.528834 2.48443
0.185625 0.780943 0.534004 2.47591
0.186875 0.779028 0.539175 2.46742
0.188125 0.777117 0.544346 2.45895
0.189375 0.77521 0.549517 2.4505
0.190625 0.773306 0.554689 2.44208
0.191875 0.771406 0.559861 2.43368
0.193125 0.769509 0.565034 2.42531
0.194375 0.767616 0.570207 2.41696
0.195625 0.765726 0.57538 2.40864
0.196875 0.76384 0.580554 2.40033
0.198125 0.761958 0.585728 2.39206
0.199375 0.760079 0.590903 2.3838
0.200625 0.758203 0.596078 2.37557
0.201875 0.756332 0.601253 2.36737
0.203125 0.754464 0.606429 2.35918
0.204375 0.752599 0.611605 2.35103
0.205625 0.750738 0.616781 2.34289
0.206875 0.74888 0.621958 2.33478
0.208125 0.747027 0.627135 2.32669
0.209375 0.745176 0.632313 2.31863
0.210625 0.743329 0.63749 2.31059
0.211875 0.741486 0.642668 2.30257
0.213125 0.739646 0.647847 2.29457
0.214375 0.73781 0.653026 2.2866
0.215625 0.735978 0.658205 2.27866
0.216875 0.734149 0.663384 2.27073
0.218125 0.732323 0.668563 2.26283
0.219375 0.730501 0.673743 2.25495
0.220625 0.728682 0.678924 2.2471
0.221875 0.726868 0.684104 2.23927
0.223125 0.725056 0.689285 2.23146
0.224375 0.723248 0.694466 2.22367
0.225625 0.721444 0.699647 2.21591
0.226875 0.719643 0.704829 2.20817
0.228125 0.717845 0.710011 2.20045
0.229375 0.716051 0.715193 2.19276
0.230625 0.714261 0.720375 2.18508
0.231875 0.712474 0.725558 2.17743
0.233125 0.710691 0.730741 2.16981
0.234375 0.708911 0.735924 2.1622
0.235625 0.707134 0.741107 2.15462
0.236875 0.705361 0.746291 2.14706
0.238125 0.703592 0.751474 2.13953
0.239375 0.701826 0.756658 2.13201
0.240625 0.700063 0.761843 2.12452
0.241875 0.698304 0.767027 2.11705
0.243125 0.696549 0.772212 2.1096
0.244375 0.694797 0.777397 2.10218
0.245625 0.693048 0.782582 2.09477
0.246875 0.691303 0.787767 2.08739
0.248125 0.689561 0.792953 2.08003
0.249375 0.687823 0.798139 2.07269
0.250625 0.686088 0.803325 2.06538
0.251875 0.684356 0.808511 2.05809
0.253125 0.682628 0.813697 2.05081
0.254375 0.680904 0.818884 2.04356
0.255625 0.679182 0.824071 2.03634
0.256875 0.677465 0.829258 2.02913
0.258125 0.67575 0.834445 2.02194
0.259375 0.674039 0.839632 2.01478
0.260625 0.672332 0.84482 2.00764
0.261875 0.670628 0.850007 2.00052
0.263125 0.668927 0.855195 1.99342
0.264375 0.66723 0.860383 1.98634
0.265625 0.665536 0.865571 1.97928
0.266875 0.663845 0.87076 1.97225
0.268125 0.662158 0.875948 1.96524
0.269375 0.660474 0.881137 1.95824
0.270625 0.658794 0.886326 1.95127
0.271875 0.657117 0.891515 1.94432
0.273125 0.655443 0.896704 1.93739
0.274375 0.653773 0.901894 1.93048
0.275625 0.652106 0.907083 1.92359
0.276875 0.650442 0.912273 1.91673
0.278125 0.648782 0.917463 1.90988
0.279375 0.647125 0.922653 1.90306
0.280625 0.645471 0.927843 1.89625
0.281875 0.643821 0.933033 1.88947
0.283125 0.642174 0.938223 1.88271
0.284375 0.640531 0.943414 1.87596
0.285625 0.63889 0.948604 1.86924
0.286875 0.637253 0.953795 1.86254
0.288125 0.63562 0.958986 1.85586
0.289375 0.63399 0.964177 1.8492
0.290625 0.632363 0.969368 1.84256
0.291875 0.630739 0.974559 1.83594
0.293125 0.629118 0.979751 1.82934
0.294375 0.627501 0.984942 1.82276
0.295625 0.625888 0.990134 1.8162
0.296875 0.624277 0.995325 1.80966
0.298125 0.62267 1.00052 1.80314
0.299375 0.621066 1.00571 1.79664
0.300625 0.619465 1.0109 1.79016
0.301875 0.617868 1.01609 1.7837
0.303125 0.616274 1.02129 1.77726
0.304375 0.614683 1.02648 1.77084
0.305625 0.613095 1.03167 1.76444
0.306875 0.611511 1.03686 1.75806
0.308125 0.60993 1.04206 1.7517
0.309375 0.608352 1.04725 1.74536
0.310625 0.606777 1.05244 1.73904
0.311875 0.605206 1.05763 1.73274
0.313125 0.603638 1.06283 1.72645
0.314375 0.602073 1.06802 1.72019
0.315625 0.600511 1.07321 1.71395
0.316875 0.598952 1.07841 1.70772
0.318125 0.597397 1.0836 1.70152
0.319375 0.595845 1.08879 1.69533
0.320625 0.594296 1.09399 1.68917
0.321875 0.59275 1.09918 1.68302
0.323125 0.591208 1.10438 1.67689
0.324375 0.589668 1.10957 1.67078
0.325625 0.588132 1.11476 1.66469
0.326875 0.586599 1.11996 1.65862
0.328125 0.58507 1.12515 1.65257
0.329375 0.583543 1.13034 1.64653
0.330625 0.58202 1.13554 1.64052
0.331875 0.580499 1.14073 1.63452
0.333125 0.578982 1.14593 1.62855
0.334375 0.577468 1.15112 1.62259
0.335625 0.575958 1.15632 1.61665
0.336875 0.57445 1.16151 1.61073
0.338125 0.572945 1.16671 1.60482
0.339375 0.571444 1.1719 1.59894
0.340625 0.569946 1.17709 1.59307
0.341875 0.568451 1.18229 1.58722
0.343125 0.566959 1.18748 1.5814
0.344375 0.56547 1.19268 1.57558
0.345625 0.563984 1.19787 1.56979
0.346875 0.562501 1.20307 1.56402
0.348125 0.561022 1.20826 1.55826
0.349375 0.559545 1.21346 1.55252
0.350625 0.558072 1.21865 1.5468
0.351875 0.556602 1.22385 1.5411
0.353125 0.555135 1.22904 1.53542
0.354375 0.553671 1.23424 1.52975
0.355625 0.55221 1.23943 1.5241
0.356875 0.550752 1.24463 1.51847
0.358125 0.549297 1.24982 1.51286
0.359375 0.547845 1.25502 1.50727
0.360625 0.546397 1.26021 1.50169
0.361875 0.544951 1.26541 1.49613
0.363125 0.543509 1.2706 1.49059
0.364375 0.542069 1.2758 1.48506
0.365625 0.540633 1.28099 1.47956
0.366875 0.5392 1.28619 1.47407
0.368125 0.537769 1.29138 1.4686
0.369375 0.536342 1.29658 1.46314
0.370625 0.534918 1.30177 1.45771
0.371875 0.533497 1.30697 1.45229
0.373125 0.532078 1.31216 1.44689
0.374375 0.530663 1.31736 1.4415
0.375625 0.529251 1.32255 1.43613
0.376875 0.527842 1.32775 1.43078
0.378125 0.526436 1.33294 1.42545
0.379375 0.525033 1.33814 1.42014
0.380625 0.523633 1.34333 1.41484
0.381875 0.522236 1.34853 1.40955
0.383125 0.520842 1.35372 1.40429
0.384375 0.519451 1.35892 1.39904
0.385625 0.518063 1.36411 1.39381
0.386875 0.516678 1.3693 1.3886
0.388125 0.515295 1.3745 1.3834
0.389375 0.513916 1.37969 1.37822
0.390625 0.51254 1.38489 1.37305
0.391875 0.511167 1.39008 1.36791
0.393125 0.509797 1.39528 1.36278
0.394375 0.50843 1.40047 1.35766
0.395625 0.507066 1.40566 1.35257
0.396875 0.505704 1.41086 1.34748
0.398125 0.504346 1.41605 1.34242
0.399375 0.50299 1.42124 1.33737
0.400625 0.501638 1.42644 1.33234
0.401875 0.500289 1.43163 1.32733
0.403125 0.498942 1.43682 1.32233
0.404375 0.497598 1.44201 1.31734
0.405625 0.496258 1.44721 1.31238
0.406875 0.49492 1.4524 1.30743
0.408125 0.493585 1.45759 1.30249
0.409375 0.492253 1.46278 1.29758
0.410625 0.490924 1.46798 1.29267
0.411875 0.489598 1.47317 1.28779
0.413125 0.488275 1.47836 1.28292
0.414375 0.486954 1.48355 1.27806
0.415625 0.485637 1.48874 1.27323
0.416875 0.484323 1.49394 1.2684
0.418125 0.483011 1.49913 1.2636
0.419375 0.481702 1.50432 1.25881
0.420625 0.480396 1.50951 1.25403
0.421875 0.479094 1.5147 1.24927
0.423125 0.477793 1.51989 1.24453
0.424375 0.476496 1.52508 1.2398
0.425625 0.475202 1.53027 1.23509
0.426875 0.47391 1.53546 1.23039
0.428125 0.472622 1.54065 1.22571
0.429375 0.471336 1.54584 1.22104
0.430625 0.470053 1.55103 1.21639
0.431875 0.468773 1.55622 1.21176
0.433125 0.467496 1.56141 1.20714
0.434375 0.466221 1.56659 1.20254
0.435625 0.46495 1.57178 1.19795
0.436875 0.463681 1.57697 1.19337
0.438125 0.462415 1.58216 1.18881
0.439375 0.461152 1.58735 1.18427
0.440625 0.459892 1.59253 1.17974
0.441875 0.458634 1.59772 1.17523
0.443125 0.45738 1.60291 1.17073
0.444375 0.456128 1.6081 1.16624
0.445625 0.454878 1.61328 1.16178
0.446875 0.453632 1.61847 1.15732
0.448125 0.452388 1.62366 1.15288
0.449375 0.451148 1.62884 1.14846
0.450625 0.44991 1.63403 1.14405
0.451875 0.448674 1.63922 1.13965
0.453125 0.447442 1.6444 1.13527
0.454375 0.446212 1.64959 1.13091
0.455625 0.444985 1.65477 1.12655
0.456875 0.44376 1.65996 1.12222
0.458125 0.442539 1.66515 1.11789
0.459375 0.44132 1.67033 1.11359
0.460625 0.440104 1.67552 1.10929
0.461875 0.43889 1.6807 1.10501
0.463125 0.437679 1.68589 1.10075
0.464375 0.436471 1.69107 1.0965
0.465625 0.435266 1.69626 1.09226
0.466875 0.434063 1.70144 1.08803
0.468125 0.432863 1.70663 1.08383
0.469375 0.431666 1.71181 1.07963
0.470625 0.430471 1.717 1.07545
0.471875 0.429279 1.72218 1.07128
0.473125 0.42809 1.72737 1.06713
0.474375 0.426903 1.73255 1.06299
0.475625 0.425719 1.73773 1.05886
0.476875 0.424537 1.74292 1.05475
0.478125 0.423358 1.7481 1.05066
0.479375 0.422182 1.75329 1.04657
0.480625 0.421008 1.75847 1.0425
0.481875 0.419837 1.76366 1.03844
0.483125 0.418669 1.76884 1.0344
0.484375 0.417503 1.77403 1.03037
0.485625 0.41634 1.77921 1.02635
0.486875 0.41518 1.78439 1.02235
0.488125 0.414022 1.78958 1.01836
0.489375 0.412866 1.79476 1.01438
0.490625 0.411714 1.79995 1.01042
0.491875 0.410564 1.80513 1.00647
0.493125 0.409417 1.81031 1.00254
0.494375 0.408272 1.81549 0.998615
0.495625 0.40713 1.82068 0.994706
0.496875 0.40599 1.82586 0.990811
0.498125 0.404853 1.83104 0.986929
0.499375 0.403719 1.83622 0.98306
0.500625 0.402587 1.8414 0.979203
0.501875 0.401458 1.84659 0.97536
0.503125 0.400331 1.85177 0.971528
0.504375 0.399206 1.85695 0.967709
0.505625 0.398084 1.86214 0.963904
0.506875 0.396964 1.86732 0.960111
0.508125 0.395847 1.87251 0.95633
0.509375 0.394733 1.87769 0.952563
0.510625 0.393621 1.88287 0.948809
0.511875 0.392512 1.88806 0.945067
0.513125 0.391405 1.89324 0.941339
0.514375 0.390301 1.89842 0.937623
0.515625 0.389199 1.9036 0.933921
0.516875 0.388101 1.90878 0.930232
0.518125 0.387004 1.91396 0.926555
0.519375 0.385911 1.91914 0.922892
0.520625 0.38482 1.92432 0.919242
0.521875 0.383732 1.9295 0.915605
0.523125 0.382646 1.93467 0.911981
0.524375 0.381564 1.93985 0.90837
0.525625 0.380484 1.94502 0.904773
0.526875 0.379406 1.95019 0.901189
0.528125 0.378332 1.95536 0.897618
0.529375 0.377261 1.96053 0.894062
0.530625 0.376193 1.96569 0.89052
0.531875 0.375128 1.97085 0.886992
0.533125 0.374066 1.976 0.88348
0.534375 0.373008 1.98115 0.879985
0.535625 0.371955 1.98629 0.876507
0.536875 0.370906 1.99142 0.873049
0.538125 0.369863 1.99653 0.869613
0.539375 0.368826 2.00162 0.866202
0.540625 0.367797 2.00668 0.862822
0.541875 0.366779 2.01171 0.859479
0.543125 0.365773 2.01668 0.856181
0.544375 0.364783 2.02158 0.85294
0.545625 0.363814 2.0264 0.849769
0.546875 0.362871 2.03109 0.846685
0.548125 0.36196 2.03563 0.843711
0.549375 0.36109 2.03998 0.840874
0.550625 0.360271 2.04408 0.838204
0.551875 0.359513 2.04787 0.835739
0.553125 0.35883 2.0513 0.833517
0.554375 0.358236 2.05429 0.831584
0.555625 0.357742 2.05678 0.829981
0.556875 0.357364 2.05869 0.828751
0.558125 0.357107 2.05999 0.827918
0.559375 0.356958 2.06073 0.827435
0.560625 0.356894 2.06105 0.827226
0.561875 0.356894 2.06105 0.827227
0.563125 0.35695 2.06078 0.827407
0.564375 0.357056 2.06024 0.827753
0.565625 0.357206 2.05949 0.828238
0.566875 0.357387 2.05857 0.828827
0.568125 0.357589 2.05755 0.829482
0.569375 0.357795 2.05651 0.830153
0.570625 0.357993 2.05552 0.830793
0.571875 0.358168 2.05463 0.831364
0.573125 0.358312 2.05391 0.831833
0.574375 0.358418 2.05338 0.832174
0.575625 0.358482 2.05305 0.832386
0.576875 0.358518 2.05287 0.832502
0.578125 0.358536 2.05279 0.832559
0.579375 0.358542 2.05275 0.83258
0.580625 0.358543 2.05275 0.832583
0.581875 0.35854 2.05276 0.832573
0.583125 0.358534 2.05279 0.832552
0.584375 0.358525 2.05284 0.832525
0.585625 0.358515 2.05289 0.832493
0.586875 0.358506 2.05294 0.832461
0.588125 0.358497 2.05298 0.832433
0.589375 0.35849 2.05301 0.832411
0.590625 0.358486 2.05304 0.832397
0.591875 0.358484 2.05304 0.832391
0.593125 0.358484 2.05304 0.832392
0.594375 0.358486 2.05304 0.832397
0.595625 0.358489 2.05302 0.832407
0.596875 0.358493 2.053 0.832419
0.598125 0.358497 2.05298 0.832434
0.599375 0.358502 2.05296 0.832449
0.600625 0.358506 2.05294 0.832462
0.601875 0.358509 2.05292 0.832473
0.603125 0.358511 2.05291 0.83248
0.604375 0.358513 2.0529 0.832485
0.605625 0.358514 2.05289 0.832489
0.606875 0.358515 2.05289 0.832492
0.608125 0.358516 2.05288 0.832495
0.609375 0.358517 2.05288 0.832498
0.610625 0.358518 2.05287 0.832503
0.611875 0.358521 2.05286 0.832511
0.613125 0.358524 2.05284 0.832522
0.614375 0.358528 2.05282 0.832536
0.615625 0.358533 2.0528 0.832553
0.616875 0.358539 2.05277 0.83257
0.618125 0.358544 2.05274 0.832588
0.619375 0.358549 2.05272 0.832603
0.620625 0.358553 2.0527 0.832616
0.621875 0.358556 2.05268 0.832625
0.623125 0.358557 2.05268 0.832629
0.624375 0.358557 2.05268 0.83263
0.625625 0.358557 2.05268 0.832628
0.626875 0.358556 2.05268 0.832625
0.628125 0.358554 2.05269 0.832619
0.629375 0.358552 2.0527 0.832614
0.630625 0.358551 2.05271 0.832609
0.631875 0.35855 2.05271 0.832606
0.633125 0.358549 2.05271 0.832605
0.634375 0.35855 2.05271 0.832606
0.635625 0.358552 2.0527 0.832612
0.636875 0.358554 2.05269 0.832621
0.638125 0.358558 2.05267 0.832633
0.639375 0.358562 2.05265 0.832647
0.640625 0.358567 2.05263 0.832661
0.641875 0.35857 2.05261 0.832673
0.643125 0.358573 2.05259 0.832682
0.644375 0.358575 2.05259 0.832688
0.645625 0.358575 2.05258 0.832689
0.646875 0.358574 2.05259 0.832685
0.648125 0.358571 2.0526 0.832676
0.649375 0.358567 2.05262 0.832663
0.650625 0.358562 2.05265 0.832647
0.651875 0.358557 2.05268 0.83263
0.653125 0.358551 2.0527 0.832612
0.654375 0.358547 2.05273 0.832596
0.655625 0.358543 2.05275 0.832584
0.656875 0.35854 2.05276 0.832576
0.658125 0.35854 2.05276 0.832574
0.659375 0.358541 2.05276 0.832577
0.660625 0.358544 2.05274 0.832587
0.661875 0.358548 2.05272 0.832601
0.663125 0.358554 2.05269 0.83262
0.664375 0.35856 2.05266 0.832642
0.665625 0.358567 2.05262 0.832664
0.666875 0.358574 2.05259 0.832686
0.668125 0.35858 2.05256 0.832705
0.669375 0.358584 2.05254 0.83272
0.670625 0.358587 2.05252 0.83273
0.671875 0.358588 2.05252 0.832733
0.673125 0.358587 2.05252 0.83273
0.674375 0.358584 2.05254 0.83272
0.675625 0.35858 2.05256 0.832705
0.676875 0.358573 2.05259 0.832684
0.678125 0.358566 2.05263 0.832661
0.679375 0.358558 2.05267 0.832635
0.680625 0.35855 2.05271 0.83261
0.681875 0.358543 2.05274 0.832587
0.683125 0.358537 2.05277 0.832568
0.684375 0.358533 2.05279 0.832554
0.685625 0.358531 2.05281 0.832546
0.686875 0.35853 2.05281 0.832545
0.688125 0.358532 2.0528 0.832551
0.689375 0.358536 2.05278 0.832564
0.690625 0.358542 2.05275 0.832582
0.691875 0.358549 2.05271 0.832606
0.693125 0.358557 2.05267 0.832632
0.694375 0.358565 2.05263 0.83266
0.695625 0.358574 2.05259 0.832687
0.696875 0.358581 2.05255 0.832711
0.698125 0.358587 2.05252 0.832731
0.699375 0.358592 2.0525 0.832745
0.700625 0.358594 2.05249 0.832753
0.701875 0.358594 2.05248 0.832753
0.703125 0.358592 2.0525 0.832746
0.704375 0.358587 2.05252 0.832732
0.705625 0.358581 2.05255 0.832711
0.706875 0.358573 2.05259 0.832685
0.708125 0.358564 2.05263 0.832656
0.709375 0.358555 2.05268 0.832626
0.710625 0.358546 2.05273 0.832596
0.711875 0.358537 2.05277 0.83257
0.713125 0.358531 2.0528 0.832548
0.714375 0.358526 2.05283 0.832533
0.715625 0.358523 2.05284 0.832525
0.716875 0.358523 2.05284 0.832525
0.718125 0.358525 2.05283 0.832531
0.719375 0.358529 2.05281 0.832545
0.720625 0.358535 2.05278 0.832565
0.721875 0.358543 2.05274 0.832588
0.723125 0.358551 2.0527 0.832615
0.724375 0.358559 2.05266 0.832643
0.725625 0.358567 2.05261 0.832669
0.726875 0.358575 2.05258 0.832693
0.728125 0.358581 2.05255 0.832714
0.729375 0.358586 2.05252 0.83273
0.730625 0.358589 2.0525 0.832741
0.731875 0.358591 2.05249 0.832748
0.733125 0.358593 2.05249 0.832752
0.734375 0.358593 2.05249 0.832753
0.735625 0.358592 2.05249 0.832751
0.736875 0.358591 2.05249 0.832747
0.738125 0.358588 2.05251 0.832739
0.739375 0.358585 2.05253 0.832727
0.740625 0.358579 2.05255 0.83271
0.741875 0.358573 2.05259 0.832688
0.743125 0.358565 2.05262 0.832663
0.744375 0.358556 2.05267 0.832634
0.745625 0.358547 2.05271 0.832605
0.746875 0.358538 2.05276 0.832577
0.748125 0.35853 2.0528 0.832552
0.749375 0.358524 2.05283 0.832532
0.750625 0.35852 2.05285 0.832518
0.751875 0.358518 2.05286 0.832511
0.753125 0.358518 2.05286 0.832512
0.754375 0.35852 2.05285 0.83252
0.755625 0.358525 2.05282 0.832536
0.756875 0.358532 2.05279 0.832558
0.758125 0.35854 2.05275 0.832584
0.759375 0.358548 2.0527 0.832613
0.760625 0.358557 2.05266 0.832642
0.761875 0.358566 2.05261 0.83267
0.763125 0.358573 2.05258 0.832694
0.764375 0.358579 2.05255 0.832714
0.765625 0.358584 2.05252 0.832728
0.766875 0.358586 2.05251 0.832737
0.768125 0.358588 2.0525 0.832743
0.769375 0.358589 2.0525 0.832746
0.770625 0.358589 2.0525 0.832747
0.771875 0.358588 2.0525 0.832746
0.773125 0.358588 2.0525 0.832744
0.774375 0.358586 2.05251 0.832739
0.775625 0.358584 2.05252 0.832733
0.776875 0.358582 2.05253 0.832725
0.778125 0.358578 2.05255 0.832714
0.779375 0.358573 2.05257 0.832699
0.780625 0.358567 2.0526 0.832678
0.781875 0.358559 2.05264 0.832653
0.783125 0.35855 2.05268 0.832626
0.784375 0.358541 2.05273 0.832597
0.785625 0.358532 2.05277 0.832568
0.786875 0.358524 2.05281 0.832542
0.788125 0.358518 2.05284 0.832521
0.789375 0.358513 2.05287 0.832507
0.790625 0.358511 2.05288 0.8325
0.791875 0.358511 2.05288 0.832501
0.793125 0.358514 2.05286 0.83251
0.794375 0.358519 2.05283 0.832527
0.795625 0.358526 2.0528 0.832551
0.796875 0.358534 2.05275 0.832579
0.798125 0.358544 2.05271 0.83261
0.799375 0.358553 2.05266 0.832641
0.800625 0.358562 2.05261 0.83267
0.801875 0.358569 2.05258 0.832694
0.803125 0.358575 2.05255 0.832712
0.804375 0.358578 2.05253 0.832723
0.805625 0.358579 2.05252 0.832729
0.806875 0.35858 2.05252 0.832732
0.808125 0.35858 2.05252 0.832733
0.809375 0.358579 2.05252 0.832732
0.810625 0.358579 2.05252 0.832731
0.811875 0.358578 2.05252 0.83273
0.813125 0.358577 2.05252 0.832728
0.814375 0.358576 2.05253 0.832726
0.815625 0.358575 2.05253 0.832724
0.816875 0.358574 2.05253 0.832723
0.818125 0.358574 2.05254 0.832721
0.819375 0.358572 2.05254 0.832718
0.820625 0.35857 2.05255 0.832712
0.821875 0.358567 2.05256 0.832702
0.823125 0.358561 2.05259 0.832685
0.824375 0.358553 2.05263 0.832661
0.825625 0.358544 2.05267 0.832633
0.826875 0.358534 2.05272 0.832601
0.828125 0.358523 2.05277 0.832569
0.829375 0.358513 2.05282 0.832538
0.830625 0.358505 2.05286 0.832511
0.831875 0.358498 2.05289 0.83249
0.833125 0.358493 2.05291 0.832476
0.834375 0.35849 2.05292 0.83247
0.835625 0.358491 2.05292 0.832474
0.836875 0.358494 2.0529 0.832487
0.838125 0.3585 2.05287 0.832508
0.839375 0.358508 2.05282 0.832536
0.840625 0.358517 2.05277 0.832569
0.841875 0.358528 2.05271 0.832605
0.843125 0.358538 2.05266 0.832642
0.844375 0.358547 2.05261 0.832676
0.845625 0.358555 2.05256 0.832704
0.846875 0.358561 2.05253 0.832726
0.848125 0.358564 2.05251 0.83274
0.849375 0.358565 2.0525 0.832747
0.850625 0.358564 2.05249 0.832749
0.851875 0.358561 2.0525 0.832746
0.853125 0.358558 2.05251 0.83274
0.854375 0.358554 2.05252 0.832732
0.855625 0.358549 2.05253 0.832724
0.856875 0.358545 2.05254 0.832716
0.858125 0.35854 2.05255 0.83271
0.859375 0.358537 2.05256 0.832707
0.860625 0.358534 2.05256 0.832706
0.861875 0.358532 2.05256 0.832708
0.863125 0.35853 2.05255 0.83271
0.864375 0.358528 2.05255 0.832713
0.865625 0.358525 2.05254 0.832716
0.866875 0.358523 2.05254 0.832718
0.868125 0.358519 2.05254 0.832717
0.869375 0.358514 2.05255 0.832711
0.870625 0.358506 2.05257 0.832698
0.871875 0.358495 2.0526 0.832677
0.873125 0.358481 2.05264 0.832651
0.874375 0.358465 2.05269 0.83262
0.875625 0.358447 2.05274 0.832588
0.876875 0.358427 2.05279 0.832557
0.878125 0.358405 2.05283 0.832527
0.879375 0.358381 2.05288 0.832501
0.880625 0.358351 2.05291 0.83248
0.881875 0.358315 2.05293 0.832465
0.883125 0.358266 2.05294 0.832459
0.884375 0.358196 2.05293 0.832466
0.885625 0.358091 2.0529 0.832483
0.886875 0.357931 2.05286 0.83251
0.888125 0.357713 2.05281 0.832543
0.889375 0.35745 2.05275 0.832581
0.890625 0.357159 2.05269 0.832621
0.891875 0.356857 2.05263 0.832661
0.893125 0.356577 2.05258 0.832694
0.894375 0.356347 2.05253 0.832721
0.895625 0.356194 2.05251 0.83274
0.896875 0.356137 2.05249 0.832749
0.898125 0.356187 2.05249 0.832751
0.899375 0.35638 2.05249 0.832747
0.900625 0.356788 2.05251 0.832739
0.901875 0.357531 2.05252 0.83273
0.903125 0.358788 2.05254 0.832718
0.904375 0.360802 2.05256 0.832705
0.905625 0.363862 2.05257 0.832694
0.906875 0.368139 2.05259 0.832688
0.908125 0.373486 2.05259 0.832684
0.909375 0.379725 2.0526 0.832682
0.910625 0.38665 2.0526 0.832683
0.911875 0.394037 2.05259 0.832686
0.913125 0.401635 2.05258 0.832692
0.914375 0.409187 2.05257 0.8327
0.915625 0.416368 2.05256 0.832705
0.916875 0.422954 2.05254 0.832708
0.918125 0.428739 2.05255 0.832721
0.919375 0.43356 2.05259 0.832741
0.920625 0.437282 2.0526 0.832744
0.921875 0.439863 2.05254 0.83268
0.923125 0.441569 2.0525 0.832623
0.924375 0.442712 2.05259 0.832628
0.925625 0.44348 2.05272 0.832672
0.926875 0.443957 2.05281 0.832676
0.928125 0.444216 2.05279 0.8326
0.929375 0.444343 2.05278 0.832521
0.930625 0.444405 2.0528 0.832472
0.931875 0.444439 2.05285 0.832459
0.933125 0.444461 2.05291 0.832465
0.934375 0.444476 2.05294 0.832472
0.935625 0.444483 2.05294 0.832474
0.936875 0.444489 2.05292 0.832477
0.938125 0.4445 2.05288 0.832492
0.939375 0.444518 2.05282 0.832521
0.940625 0.44454 2.05276 0.832563
0.941875 0.444565 2.05269 0.832614
0.943125 0.444591 2.05263 0.832666
0.944375 0.444614 2.05258 0.832713
0.945625 0.444632 2.05253 0.832748
0.946875 0.444644 2.0525 0.832767
0.948125 0.444651 2.05248 0.832773
0.949375 0.444654 2.05248 0.83277
0.950625 0.444655 2.05248 0.832762
0.951875 0.444654 2.0525 0.832751
0.953125 0.444651 2.05253 0.832736
0.954375 0.444646 2.05256 0.832716
0.955625 0.444639 2.05258 0.832696
0.956875 0.444634 2.05261 0.832677
0.958125 0.444629 2.05262 0.832663
0.959375 0.444626 2.05263 0.832655
0.960625 0.444625 2.05263 0.832653
0.961875 0.444626 2.05263 0.832657
0.963125 0.444629 2.05262 0.832665
0.964375 0.444633 2.05261 0.832676
0.965625 0.444637 2.05259 0.832689
0.966875 0.444642 2.05257 0.832703
0.968125 0.444646 2.05256 0.832714
0.969375 0.444649 2.05254 0.832724
0.970625 0.444651 2.05254 0.832729
0.971875 0.444651 2.05254 0.832731
0.973125 0.44465 2.05254 0.832728
0.974375 0.444646 2.05255 0.83272
0.975625 0.444641 2.05257 0.832706
0.976875 0.444633 2.05259 0.832686
0.978125 0.444623 2.05263 0.832661
0.979375 0.444611 2.05267 0.83263
0.980625 0.444598 2.05272 0.832596
0.981875 0.444585 2.05278 0.832558
0.983125 0.444572 2.05283 0.83252
0.984375 0.44456 2.05288 0.832485
0.985625 0.444551 2.05292 0.832457
0.986875 0.444546 2.05295 0.83244
0.988125 0.444545 2.05295 0.832436
0.989375 0.44455 2.05294 0.832448
0.990625 0.444558 2.0529 0.832473
0.991875 0.444569 2.05286 0.832505
0.993125 0.444579 2.05281 0.832534
0.994375 0.444583 2.05279 0.832549
0.995625 0.444578 2.0528 0.832538
0.996875 0.444562 2.05286 0.832496
0.998125 0.444542 2.05293 0.832442
0.999375 0.44453 2.05298 0.832408
