x den vel pres
0.000625 1 6.68244e-16 2
0.001875 1 7.4616e-16 2
0.003125 1 5.635e-16 2
0.004375 1 2.06131e-16 2
0.005625 1 -1.48933e-16 2
0.006875 1 -3.33566e-16 2
0.008125 1 -1.99734e-16 2
0.009375 1 -3.88981e-17 2
0.010625 1 -2.27065e-16 2
0.011875 1 -5.83586e-16 2
0.013125 1 -1.01879e-15 2
0.014375 1 -1.45339e-15 2
0.015625 1 -1.72421e-15 2
0.016875 1 -1.82781e-15 2
0.018125 1 -1.97738e-15 2
0.019375 1 -2.1001e-15 2
0.020625 1 -1.97748e-15 2
0.021875 1 -1.87788e-15 2
0.023125 1 -1.92013e-15 2
0.024375 1 -2.0697e-15 2
0.025625 1 -2.20007e-15 2
0.026875 1 -2.10042e-15 2
0.028125 1 -1.91974e-15 2
0.029375 1 -1.74841e-15 2
0.030625 1 -1.74025e-15 2
0.031875 1 -1.86352e-15 2
0.033125 1 -2.02016e-15 2
0.034375 1 -1.82567e-15 2
0.035625 1 -1.41309e-15 2
0.036875 1 -9.0666e-16 2
0.038125 1 -4.10176e-16 2
0.039375 1 -8.43359e-17 2
0.040625 1 0 2
0.041875 1 0 2
0.043125 1 0 2
0.044375 1 0 2
0.045625 1 0 2
0.046875 1 0 2
0.048125 1 0 2
0.049375 1 0 2
0.050625 1 0 2
0.051875 1 0 2
0.053125 1 0 2
0.054375 1 0 2
0.055625 1 0 2
0.056875 1 0 2
0.058125 1 0 2
0.059375 1 0 2
0.060625 1 0 2
0.061875 1 0 2
0.063125 1 0 2
0.064375 1 0 2
0.065625 1 0 2
0.066875 1 0 2
0.068125 1 0 2
0.069375 1 0 2
0.070625 1 1.74608e-16 2
0.071875 1 6.7562e-16 2
0.073125 1 1.63046e-15 2
0.074375 1 2.8876e-15 2
0.075625 1 4.02916e-15 2
0.076875 1 4.99259e-15 2
0.078125 1 6.38524e-15 2
0.079375 1 7.49935e-15 2
0.080625 1 8.67498e-15 2
0.081875 1 1.00397e-14 2
0.083125 1 1.11574e-14 2
0.084375 1 1.21695e-14 2
0.085625 1 1.34366e-14 2
0.086875 1 1.4692e-14 2
0.088125 1 1.57883e-14 2
0.089375 1 1.71045e-14 2
0.090625 1 1.83032e-14 2
0.091875 1 1.9502e-14 2
0.093125 1 2.0784e-14 2
0.094375 1 2.20511e-14 2
0.095625 1 2.31585e-14 2
0.096875 1 2.44761e-14 2
0.098125 1 2.55872e-14 2
0.099375 1 2.68654e-14 2
0.100625 1 2.82183e-14 2
0.101875 1 2.92584e-14 2
0.103125 1 3.02589e-14 2
0.104375 1 3.15786e-14 2
0.105625 1 3.28885e-14 2
0.106875 1 3.40836e-14 2
0.108125 1 3.53012e-14 2
0.109375 1 3.81607e-14 2
0.110625 1 4.72188e-14 2
0.111875 1 7.10224e-14 2
0.113125 1 1.27846e-13 2
0.114375 1 2.57248e-13 2
0.115625 1 5.45291e-13 2
0.116875 1 1.17724e-12 2
0.118125 1 2.55477e-12 2
0.119375 1 5.54765e-12 2
0.120625 1 1.20464e-11 2
0.121875 1 2.61451e-11 2
0.123125 1 5.66886e-11 2
0.124375 1 1.22711e-10 2
0.125625 1 2.64984e-10 2
0.126875 1 5.7034e-10 2
0.128125 1 1.22242e-09 2
0.129375 1 2.60652e-09 2
0.130625 1 5.52367e-09 2
0.131875 1 1.16225e-08 2
0.133125 1 2.42588e-08 2
0.134375 1 5.0181e-08 2
0.135625 1 1.02785e-07 2
0.136875 1 2.08297e-07 2
0.138125 1 4.17298e-07 2
0.139375 1 8.25831e-07 2
0.140625 0.999999 1.61323e-06 2
0.141875 0.999998 3.10849e-06 1.99999
0.143125 0.999996 5.90396e-06 1.99999
0.144375 0.999993 1.10452e-05 1.99998
0.145625 0.999988 2.03394e-05 1.99997
0.146875 0.999978 3.68401e-05 1.99994
0.148125 0.999961 6.55855e-05 1.99989
0.149375 0.999931 0.000114676 1.99981
0.150625 0.999882 0.000196781 1.99967
0.151875 0.999802 0.000331133 1.99945
0.153125 0.999674 0.000546008 1.99909
0.154375 0.999473 0.00088157 1.99853
0.155625 0.999168 0.00139279 1.99767
0.156875 0.998715 0.00215172 1.9964
0.158125 0.998061 0.0032465 1.99457
0.159375 0.997157 0.00476366 1.99204
0.160625 0.995992 0.00671726 1.98879
0.161875 0.994587 0.00907826 1.98486
0.163125 0.992961 0.011812 1.98032
0.164375 0.991139 0.0148813 1.97523
0.165625 0.989143 0.0182477 1.96966
0.166875 0.986997 0.021873 1.96369
0.168125 0.984723 0.0257212 1.95736
0.169375 0.982341 0.0297591 1.95073
0.170625 0.979871 0.033957 1.94387
0.171875 0.977326 0.038289 1.9368
0.173125 0.974721 0.0427328 1.92958
0.174375 0.972068 0.0472696 1.92223
0.175625 0.969375 0.051884 1.91478
0.176875 0.966651 0.056563 1.90725
0.178125 0.963901 0.061296 1.89966
0.179375 0.961131 0.0660745 1.89202
0.180625 0.958346 0.0708911 1.88435
0.181875 0.955548 0.0757402 1.87665
0.183125 0.952741 0.0806168 1.86894
0.184375 0.949928 0.0855164 1.86122
0.185625 0.947109 0.0904363 1.85349
0.186875 0.944287 0.0953743 1.84576
0.188125 0.941463 0.100328 1.83804
0.189375 0.938637 0.105296 1.83032
0.190625 0.935811 0.110277 1.82261
0.191875 0.932985 0.11527 1.81491
0.193125 0.930159 0.120273 1.80722
0.194375 0.927336 0.125285 1.79954
0.195625 0.924514 0.130307 1.79188
0.196875 0.921695 0.135336 1.78424
0.198125 0.918879 0.140372 1.77661
0.199375 0.916066 0.145416 1.769
0.200625 0.913256 0.150465 1.76141
0.201875 0.91045 0.15552 1.75383
0.203125 0.907647 0.160581 1.74628
0.204375 0.904849 0.165647 1.73875
0.205625 0.902056 0.170717 1.73124
0.206875 0.899266 0.175792 1.72375
0.208125 0.896482 0.180871 1.71628
0.209375 0.893702 0.185954 1.70883
0.210625 0.890927 0.191041 1.70141
0.211875 0.888157 0.196131 1.69401
0.213125 0.885392 0.201224 1.68663
0.214375 0.882632 0.206321 1.67928
0.215625 0.879878 0.21142 1.67194
0.216875 0.877129 0.216523 1.66463
0.218125 0.874385 0.221628 1.65735
0.219375 0.871647 0.226735 1.65009
0.220625 0.868914 0.231845 1.64285
0.221875 0.866187 0.236958 1.63564
0.223125 0.863466 0.242072 1.62845
0.224375 0.86075 0.247189 1.62128
0.225625 0.85804 0.252308 1.61414
0.226875 0.855336 0.257429 1.60702
0.228125 0.852638 0.262552 1.59993
0.229375 0.849945 0.267677 1.59286
0.230625 0.847259 0.272803 1.58582
0.231875 0.844578 0.277931 1.5788
0.233125 0.841904 0.283061 1.5718
0.234375 0.839235 0.288192 1.56483
0.235625 0.836572 0.293325 1.55788
0.236875 0.833915 0.298459 1.55096
0.238125 0.831265 0.303595 1.54406
0.239375 0.82862 0.308732 1.53719
0.240625 0.825981 0.31387 1.53034
0.241875 0.823349 0.31901 1.52352
0.243125 0.820722 0.324151 1.51672
0.244375 0.818102 0.329293 1.50994
0.245625 0.815488 0.334436 1.50319
0.246875 0.812879 0.339581 1.49647
0.248125 0.810277 0.344726 1.48976
0.249375 0.807681 0.349873 1.48309
0.250625 0.805092 0.35502 1.47643
0.251875 0.802508 0.360169 1.4698
0.253125 0.799931 0.365318 1.4632
0.254375 0.797359 0.370469 1.45662
0.255625 0.794794 0.37562 1.45006
0.256875 0.792235 0.380773 1.44353
0.258125 0.789682 0.385926 1.43702
0.259375 0.787136 0.39108 1.43054
0.260625 0.784595 0.396235 1.42408
0.261875 0.782061 0.401391 1.41764
0.263125 0.779532 0.406547 1.41123
0.264375 0.77701 0.411705 1.40484
0.265625 0.774495 0.416863 1.39848
0.266875 0.771985 0.422022 1.39214
0.268125 0.769481 0.427181 1.38582
0.269375 0.766984 0.432342 1.37953
0.270625 0.764492 0.437503 1.37326
0.271875 0.762007 0.442665 1.36701
0.273125 0.759528 0.447827 1.36079
0.274375 0.757055 0.45299 1.35459
0.275625 0.754589 0.458154 1.34842
0.276875 0.752128 0.463318 1.34227
0.278125 0.749674 0.468483 1.33614
0.279375 0.747226 0.473648 1.33003
0.280625 0.744783 0.478814 1.32395
0.281875 0.742347 0.483981 1.31789
0.283125 0.739918 0.489148 1.31186
0.284375 0.737494 0.494316 1.30585
0.285625 0.735076 0.499484 1.29986
0.286875 0.732665 0.504653 1.29389
0.288125 0.730259 0.509822 1.28795
0.289375 0.72786 0.514991 1.28203
0.290625 0.725467 0.520161 1.27613
0.291875 0.723079 0.525332 1.27026
0.293125 0.720698 0.530503 1.2644
0.294375 0.718323 0.535674 1.25857
0.295625 0.715954 0.540846 1.25277
0.296875 0.713591 0.546019 1.24698
0.298125 0.711235 0.551192 1.24122
0.299375 0.708884 0.556365 1.23548
0.300625 0.706539 0.561539 1.22976
0.301875 0.7042 0.566713 1.22407
0.303125 0.701867 0.571887 1.21839
0.304375 0.699541 0.577062 1.21274
0.305625 0.69722 0.582237 1.20711
0.306875 0.694905 0.587413 1.20151
0.308125 0.692596 0.592589 1.19592
0.309375 0.690294 0.597766 1.19036
0.310625 0.687997 0.602942 1.18482
0.311875 0.685706 0.608119 1.1793
0.313125 0.683421 0.613297 1.1738
0.314375 0.681142 0.618475 1.16832
0.315625 0.678869 0.623653 1.16287
0.316875 0.676602 0.628831 1.15744
0.318125 0.674341 0.63401 1.15202
0.319375 0.672085 0.639189 1.14663
0.320625 0.669836 0.644368 1.14127
0.321875 0.667593 0.649548 1.13592
0.323125 0.665355 0.654728 1.13059
0.324375 0.663124 0.659908 1.12529
0.325625 0.660898 0.665088 1.12
0.326875 0.658678 0.670269 1.11474
0.328125 0.656464 0.67545 1.1095
0.329375 0.654256 0.680631 1.10427
0.330625 0.652054 0.685812 1.09907
0.331875 0.649857 0.690994 1.09389
0.333125 0.647666 0.696176 1.08874
0.334375 0.645482 0.701358 1.0836
0.335625 0.643303 0.70654 1.07848
0.336875 0.641129 0.711723 1.07338
0.338125 0.638962 0.716905 1.06831
0.339375 0.6368 0.722088 1.06325
0.340625 0.634644 0.727271 1.05821
0.341875 0.632494 0.732455 1.0532
0.343125 0.63035 0.737639 1.0482
0.344375 0.628211 0.742822 1.04323
0.345625 0.626078 0.748006 1.03827
0.346875 0.623951 0.753191 1.03333
0.348125 0.621829 0.758375 1.02842
0.349375 0.619713 0.76356 1.02352
0.350625 0.617603 0.768745 1.01865
0.351875 0.615498 0.77393 1.01379
0.353125 0.613399 0.779116 1.00895
0.354375 0.611306 0.784301 1.00414
0.355625 0.609219 0.789487 0.99934
0.356875 0.607137 0.794673 0.994562
0.358125 0.60506 0.799859 0.989803
0.359375 0.602989 0.805046 0.985064
0.360625 0.600924 0.810232 0.980344
0.361875 0.598865 0.815419 0.975643
0.363125 0.596811 0.820606 0.970962
0.364375 0.594762 0.825793 0.966299
0.365625 0.59272 0.83098 0.961656
0.366875 0.590682 0.836167 0.957032
0.368125 0.588651 0.841355 0.952427
0.369375 0.586625 0.846542 0.94784
0.370625 0.584604 0.85173 0.943273
0.371875 0.582589 0.856918 0.938724
0.373125 0.580579 0.862106 0.934194
0.374375 0.578575 0.867294 0.929682
0.375625 0.576577 0.872482 0.925189
0.376875 0.574584 0.87767 0.920715
0.378125 0.572596 0.882858 0.916259
0.379375 0.570614 0.888047 0.911822
0.380625 0.568637 0.893236 0.907403
0.381875 0.566666 0.898424 0.903002
0.383125 0.5647 0.903613 0.898619
0.384375 0.56274 0.908802 0.894255
0.385625 0.560785 0.913991 0.889908
0.386875 0.558835 0.91918 0.88558
0.388125 0.556891 0.924369 0.88127
0.389375 0.554952 0.929558 0.876977
0.390625 0.553018 0.934748 0.872703
0.391875 0.55109 0.939937 0.868446
0.393125 0.549168 0.945127 0.864207
0.394375 0.54725 0.950316 0.859986
0.395625 0.545338 0.955506 0.855782
0.396875 0.543432 0.960695 0.851596
0.398125 0.54153 0.965885 0.847428
0.399375 0.539634 0.971075 0.843277
0.400625 0.537743 0.976265 0.839143
0.401875 0.535858 0.981454 0.835027
0.403125 0.533978 0.986644 0.830928
0.404375 0.532103 0.991834 0.826846
0.405625 0.530233 0.997024 0.822781
0.406875 0.528369 1.00221 0.818734
0.408125 0.526509 1.0074 0.814703
0.409375 0.524655 1.01259 0.81069
0.410625 0.522807 1.01778 0.806694
0.411875 0.520963 1.02297 0.802714
0.413125 0.519125 1.02816 0.798751
0.414375 0.517292 1.03335 0.794805
0.415625 0.515464 1.03854 0.790876
0.416875 0.513641 1.04373 0.786963
0.418125 0.511823 1.04892 0.783067
0.419375 0.510011 1.05411 0.779188
0.420625 0.508204 1.0593 0.775325
0.421875 0.506401 1.06449 0.771478
0.423125 0.504604 1.06968 0.767648
0.424375 0.502812 1.07487 0.763834
0.425625 0.501025 1.08006 0.760037
0.426875 0.499244 1.08525 0.756255
0.428125 0.497467 1.09044 0.75249
0.429375 0.495695 1.09563 0.748741
0.430625 0.493928 1.10082 0.745008
0.431875 0.492167 1.10601 0.74129
0.433125 0.49041 1.1112 0.737589
0.434375 0.488659 1.11639 0.733904
0.435625 0.486912 1.12158 0.730234
0.436875 0.485171 1.12677 0.72658
0.438125 0.483434 1.13196 0.722942
0.439375 0.481703 1.13715 0.719319
0.440625 0.479976 1.14234 0.715712
0.441875 0.478254 1.14753 0.712121
0.443125 0.476538 1.15272 0.708545
0.444375 0.474826 1.15791 0.704985
0.445625 0.473119 1.1631 0.70144
0.446875 0.471418 1.16829 0.69791
0.448125 0.469721 1.17348 0.694395
0.449375 0.468029 1.17867 0.690896
0.450625 0.466342 1.18386 0.687412
0.451875 0.46466 1.18905 0.683943
0.453125 0.462982 1.19424 0.68049
0.454375 0.46131 1.19943 0.677051
0.455625 0.459643 1.20462 0.673627
0.456875 0.45798 1.20981 0.670218
0.458125 0.456322 1.21499 0.666825
0.459375 0.45467 1.22018 0.663446
0.460625 0.453022 1.22537 0.660082
0.461875 0.451379 1.23056 0.656733
0.463125 0.44974 1.23575 0.653398
0.464375 0.448107 1.24093 0.650079
0.465625 0.446479 1.24612 0.646774
0.466875 0.444855 1.25131 0.643483
0.468125 0.443236 1.25649 0.640208
0.469375 0.441622 1.26168 0.636946
0.470625 0.440013 1.26686 0.6337
0.471875 0.438409 1.27205 0.630468
0.473125 0.43681 1.27723 0.62725
0.474375 0.435216 1.28241 0.624047
0.475625 0.433626 1.28759 0.620859
0.476875 0.432041 1.29278 0.617685
0.478125 0.430462 1.29796 0.614525
0.479375 0.428887 1.30314 0.61138
0.480625 0.427317 1.30832 0.608249
0.481875 0.425752 1.31349 0.605132
0.483125 0.424192 1.31867 0.60203
0.484375 0.422636 1.32384 0.598942
0.485625 0.421086 1.32902 0.595869
0.486875 0.419541 1.33419 0.59281
0.488125 0.418001 1.33936 0.589765
0.489375 0.416465 1.34453 0.586735
0.490625 0.414935 1.3497 0.583719
0.491875 0.41341 1.35487 0.580717
0.493125 0.41189 1.36003 0.577731
0.494375 0.410375 1.36519 0.574758
0.495625 0.408866 1.37035 0.571801
0.496875 0.407362 1.3755 0.568858
0.498125 0.405863 1.38065 0.565931
0.499375 0.404371 1.3858 0.563019
0.500625 0.402884 1.39094 0.560123
0.501875 0.401404 1.39607 0.557244
0.503125 0.39993 1.4012 0.554383
0.504375 0.398465 1.40631 0.55154
0.505625 0.397008 1.41141 0.548719
0.506875 0.395561 1.41649 0.545922
0.508125 0.394126 1.42153 0.543152
0.509375 0.392707 1.42655 0.540415
0.510625 0.391305 1.43151 0.537717
0.511875 0.389926 1.4364 0.535067
0.513125 0.388577 1.4412 0.532475
0.514375 0.387263 1.44589 0.529958
0.515625 0.385996 1.45042 0.527532
0.516875 0.384788 1.45476 0.525221
0.518125 0.38365 1.45885 0.523049
0.519375 0.382601 1.46264 0.521046
0.520625 0.381657 1.46605 0.519248
0.521875 0.380838 1.46901 0.51769
0.523125 0.380166 1.47145 0.516411
0.524375 0.379661 1.47328 0.51545
0.525625 0.379322 1.47451 0.514806
0.526875 0.37912 1.47524 0.514423
0.528125 0.379016 1.47562 0.514225
0.529375 0.378978 1.47576 0.514153
0.530625 0.378986 1.47573 0.514168
0.531875 0.379032 1.47556 0.514255
0.533125 0.379111 1.47528 0.514405
0.534375 0.379215 1.4749 0.514603
0.535625 0.379336 1.47446 0.514832
0.536875 0.37946 1.47401 0.515069
0.538125 0.379579 1.47358 0.515294
0.539375 0.379682 1.4732 0.51549
0.540625 0.379764 1.4729 0.515647
0.541875 0.37982 1.4727 0.515753
0.543125 0.379854 1.47258 0.515818
0.544375 0.379875 1.4725 0.515856
0.545625 0.379887 1.47246 0.51588
0.546875 0.379895 1.47243 0.515895
0.548125 0.379902 1.47241 0.515908
0.549375 0.379907 1.47239 0.515918
0.550625 0.379912 1.47237 0.515928
0.551875 0.379918 1.47235 0.515938
0.553125 0.379923 1.47233 0.515949
0.554375 0.379929 1.47231 0.51596
0.555625 0.379935 1.47228 0.515972
0.556875 0.379942 1.47226 0.515985
0.558125 0.379949 1.47223 0.515999
0.559375 0.379956 1.47221 0.516012
0.560625 0.379963 1.47218 0.516025
0.561875 0.379969 1.47216 0.516037
0.563125 0.379975 1.47214 0.516048
0.564375 0.379981 1.47212 0.516059
0.565625 0.379985 1.4721 0.516067
0.566875 0.379989 1.47209 0.516074
0.568125 0.379991 1.47208 0.516079
0.569375 0.379993 1.47207 0.516083
0.570625 0.379995 1.47207 0.516085
0.571875 0.379996 1.47206 0.516087
0.573125 0.379996 1.47206 0.516089
0.574375 0.379997 1.47206 0.516091
0.575625 0.379998 1.47205 0.516092
0.576875 0.379999 1.47205 0.516094
0.578125 0.38 1.47205 0.516096
0.579375 0.380001 1.47204 0.516098
0.580625 0.380003 1.47204 0.516101
0.581875 0.380004 1.47203 0.516104
0.583125 0.380006 1.47203 0.516107
0.584375 0.380007 1.47202 0.51611
0.585625 0.380009 1.47201 0.516113
0.586875 0.38001 1.47201 0.516115
0.588125 0.380011 1.47201 0.516117
0.589375 0.380012 1.472 0.516118
0.590625 0.380012 1.472 0.516119
0.591875 0.380012 1.472 0.51612
0.593125 0.380013 1.472 0.516121
0.594375 0.380013 1.472 0.516121
0.595625 0.380013 1.472 0.516122
0.596875 0.380014 1.472 0.516122
0.598125 0.380014 1.47199 0.516123
0.599375 0.380014 1.47199 0.516123
0.600625 0.380014 1.47199 0.516123
0.601875 0.380014 1.47199 0.516123
0.603125 0.380014 1.47199 0.516123
0.604375 0.380014 1.47199 0.516123
0.605625 0.380014 1.47199 0.516123
0.606875 0.380014 1.47199 0.516123
0.608125 0.380014 1.47199 0.516123
0.609375 0.380013 1.47199 0.516123
0.610625 0.380013 1.47199 0.516123
0.611875 0.380013 1.47199 0.516123
0.613125 0.380013 1.47199 0.516123
0.614375 0.380013 1.47199 0.516123
0.615625 0.380014 1.47199 0.516124
0.616875 0.380014 1.47199 0.516124
0.618125 0.380014 1.47199 0.516124
0.619375 0.380014 1.47199 0.516125
0.620625 0.380014 1.47199 0.516125
0.621875 0.380014 1.47199 0.516126
0.623125 0.380014 1.47199 0.516126
0.624375 0.380015 1.47199 0.516127
0.625625 0.380015 1.47199 0.516127
0.626875 0.380015 1.47199 0.516127
0.628125 0.380015 1.47199 0.516128
0.629375 0.380015 1.47199 0.516128
0.630625 0.380015 1.47198 0.516128
0.631875 0.380015 1.47198 0.516128
0.633125 0.380015 1.47198 0.516128
0.634375 0.380015 1.47198 0.516129
0.635625 0.380015 1.47198 0.516129
0.636875 0.380015 1.47198 0.516129
0.638125 0.380015 1.47198 0.516129
0.639375 0.380015 1.47198 0.516129
0.640625 0.380015 1.47198 0.516129
0.641875 0.380015 1.47198 0.516129
0.643125 0.380015 1.47198 0.516129
0.644375 0.380015 1.47198 0.51613
0.645625 0.380015 1.47198 0.51613
0.646875 0.380015 1.47198 0.51613
0.648125 0.380015 1.47198 0.51613
0.649375 0.380015 1.47198 0.51613
0.650625 0.380015 1.47198 0.51613
0.651875 0.380015 1.47198 0.51613
0.653125 0.380015 1.47198 0.51613
0.654375 0.380015 1.47198 0.51613
0.655625 0.380015 1.47198 0.51613
0.656875 0.380015 1.47198 0.51613
0.658125 0.380015 1.47198 0.51613
0.659375 0.380015 1.47198 0.51613
0.660625 0.380014 1.47198 0.51613
0.661875 0.380014 1.47198 0.51613
0.663125 0.380014 1.47198 0.51613
0.664375 0.380014 1.47198 0.516131
0.665625 0.380014 1.47198 0.516131
0.666875 0.380014 1.47198 0.516131
0.668125 0.380014 1.47198 0.51613
0.669375 0.380013 1.47198 0.51613
0.670625 0.380013 1.47198 0.516129
0.671875 0.380012 1.47198 0.516128
0.673125 0.380012 1.47199 0.516128
0.674375 0.380012 1.47199 0.516128
0.675625 0.380012 1.47198 0.516128
0.676875 0.380012 1.47198 0.516129
0.678125 0.380012 1.47198 0.51613
0.679375 0.380012 1.47198 0.516131
0.680625 0.380013 1.47198 0.516131
0.681875 0.380013 1.47198 0.516132
0.683125 0.380013 1.47198 0.516132
0.684375 0.380012 1.47198 0.516131
0.685625 0.380011 1.47198 0.51613
0.686875 0.38001 1.47198 0.516128
0.688125 0.380009 1.47199 0.516126
0.689375 0.380007 1.47199 0.516124
0.690625 0.380007 1.47199 0.516123
0.691875 0.380006 1.472 0.516123
0.693125 0.380006 1.47199 0.516123
0.694375 0.380007 1.47199 0.516125
0.695625 0.380008 1.47199 0.516127
0.696875 0.380008 1.47198 0.516129
0.698125 0.380009 1.47198 0.516131
0.699375 0.38001 1.47198 0.516133
0.700625 0.38001 1.47197 0.516134
0.701875 0.38001 1.47197 0.516134
0.703125 0.380009 1.47198 0.516133
0.704375 0.380008 1.47198 0.516131
0.705625 0.380007 1.47198 0.51613
0.706875 0.380005 1.47198 0.516128
0.708125 0.380004 1.47199 0.516127
0.709375 0.380004 1.47199 0.516127
0.710625 0.380003 1.47199 0.516127
0.711875 0.380003 1.47199 0.516127
0.713125 0.380003 1.47199 0.516128
0.714375 0.380003 1.47198 0.516129
0.715625 0.380003 1.47198 0.516129
0.716875 0.380002 1.47198 0.51613
0.718125 0.380002 1.47198 0.516131
0.719375 0.380002 1.47198 0.516132
0.720625 0.380002 1.47198 0.516132
0.721875 0.380002 1.47198 0.516133
0.723125 0.380001 1.47197 0.516134
0.724375 0.380001 1.47197 0.516135
0.725625 0.38 1.47197 0.516135
0.726875 0.379999 1.47197 0.516134
0.728125 0.379997 1.47198 0.516132
0.729375 0.379995 1.47198 0.51613
0.730625 0.379993 1.47199 0.516128
0.731875 0.379991 1.47199 0.516127
0.733125 0.37999 1.47199 0.516128
0.734375 0.37999 1.47198 0.51613
0.735625 0.37999 1.47198 0.516133
0.736875 0.37999 1.47197 0.516137
0.738125 0.37999 1.47196 0.51614
0.739375 0.379989 1.47196 0.516141
0.740625 0.379987 1.47196 0.51614
0.741875 0.379983 1.47197 0.516137
0.743125 0.379978 1.47198 0.516132
0.744375 0.379972 1.47199 0.516125
0.745625 0.379965 1.472 0.516119
0.746875 0.37996 1.47201 0.516113
0.748125 0.379954 1.47202 0.516109
0.749375 0.37995 1.47203 0.516107
0.750625 0.379946 1.47202 0.516108
0.751875 0.379944 1.47202 0.516111
0.753125 0.379943 1.47201 0.516117
0.754375 0.379942 1.47199 0.516125
0.755625 0.379942 1.47198 0.516133
0.756875 0.37994 1.47196 0.51614
0.758125 0.379937 1.47196 0.516144
0.759375 0.379931 1.47195 0.516144
0.760625 0.379924 1.47196 0.516142
0.761875 0.379915 1.47197 0.516137
0.763125 0.379906 1.47198 0.516133
0.764375 0.379898 1.47198 0.516133
0.765625 0.379891 1.47197 0.516137
0.766875 0.379882 1.47196 0.516142
0.768125 0.379868 1.47195 0.516145
0.769375 0.379844 1.47196 0.516142
0.770625 0.379806 1.47198 0.516131
0.771875 0.379752 1.472 0.51612
0.773125 0.379675 1.47201 0.516116
0.774375 0.379564 1.472 0.51612
0.775625 0.379396 1.47199 0.516125
0.776875 0.379137 1.47199 0.516127
0.778125 0.378745 1.47199 0.516125
0.779375 0.378157 1.47199 0.516126
0.780625 0.377295 1.47198 0.516131
0.781875 0.376083 1.47197 0.516137
0.783125 0.374542 1.47196 0.516139
0.784375 0.372726 1.47196 0.51614
0.785625 0.3707 1.47197 0.516139
0.786875 0.368534 1.47197 0.516135
0.788125 0.36631 1.47198 0.516129
0.789375 0.364132 1.472 0.516123
0.790625 0.362098 1.47201 0.516116
0.791875 0.360295 1.47202 0.516112
0.793125 0.358797 1.47202 0.516112
0.794375 0.357667 1.47203 0.516118
0.795625 0.356937 1.47202 0.516124
0.796875 0.35653 1.47198 0.516114
0.798125 0.356341 1.47196 0.516115
0.799375 0.356284 1.47197 0.516128
0.800625 0.356302 1.47198 0.516136
0.801875 0.356377 1.47198 0.516141
0.803125 0.356504 1.47198 0.516141
0.804375 0.356669 1.47198 0.516138
0.805625 0.356861 1.47198 0.516133
0.806875 0.357065 1.47197 0.516129
0.808125 0.357268 1.47197 0.516128
0.809375 0.357454 1.47197 0.516131
0.810625 0.357614 1.47197 0.516137
0.811875 0.357739 1.47197 0.516144
0.813125 0.357825 1.47196 0.516149
0.814375 0.35788 1.47195 0.51615
0.815625 0.357914 1.47195 0.516147
0.816875 0.357938 1.47195 0.516142
0.818125 0.357954 1.47196 0.516136
0.819375 0.357963 1.47198 0.516129
0.820625 0.357969 1.472 0.516122
0.821875 0.357972 1.47202 0.516115
0.823125 0.357975 1.47203 0.51611
0.824375 0.357977 1.47203 0.516106
0.825625 0.35798 1.47203 0.516105
0.826875 0.357985 1.47202 0.516108
0.828125 0.357992 1.47201 0.516115
0.829375 0.358 1.472 0.516123
0.830625 0.358007 1.47198 0.516131
0.831875 0.358012 1.47197 0.516137
0.833125 0.358016 1.47197 0.51614
0.834375 0.358018 1.47196 0.51614
0.835625 0.358019 1.47197 0.516138
0.836875 0.358019 1.47197 0.516136
0.838125 0.358019 1.47197 0.516134
0.839375 0.358019 1.47198 0.516133
0.840625 0.35802 1.47198 0.516134
0.841875 0.358021 1.47197 0.516136
0.843125 0.358023 1.47197 0.516139
0.844375 0.358025 1.47196 0.516143
0.845625 0.358026 1.47195 0.516147
0.846875 0.358027 1.47194 0.516149
0.848125 0.358026 1.47195 0.516149
0.849375 0.358024 1.47195 0.516144
0.850625 0.35802 1.47197 0.516137
0.851875 0.358015 1.47199 0.516126
0.853125 0.358009 1.47201 0.516115
0.854375 0.358004 1.47203 0.516105
0.855625 0.358002 1.47205 0.516099
0.856875 0.358001 1.47205 0.516097
0.858125 0.358003 1.47204 0.5161
0.859375 0.358008 1.47203 0.516107
0.860625 0.358014 1.47201 0.516118
0.861875 0.35802 1.47198 0.51613
0.863125 0.358026 1.47196 0.51614
0.864375 0.35803 1.47195 0.516146
0.865625 0.358031 1.47195 0.516148
0.866875 0.35803 1.47195 0.516146
0.868125 0.358028 1.47196 0.516141
0.869375 0.358025 1.47198 0.516135
0.870625 0.358022 1.47199 0.516129
0.871875 0.35802 1.47199 0.516126
0.873125 0.35802 1.47199 0.516127
0.874375 0.358022 1.47198 0.516132
0.875625 0.358026 1.47196 0.516139
0.876875 0.35803 1.47195 0.516148
0.878125 0.358034 1.47193 0.516155
0.879375 0.358035 1.47193 0.516159
0.880625 0.358034 1.47193 0.516157
0.881875 0.35803 1.47195 0.516149
0.883125 0.358023 1.47197 0.516136
0.884375 0.358015 1.472 0.51612
0.885625 0.358007 1.47204 0.516103
0.886875 0.358001 1.47206 0.516091
0.888125 0.357998 1.47207 0.516085
0.889375 0.357998 1.47207 0.516087
0.890625 0.358003 1.47205 0.516096
0.891875 0.35801 1.47202 0.516111
0.893125 0.35802 1.47198 0.51613
0.894375 0.358029 1.47195 0.516148
0.895625 0.358035 1.47192 0.516162
0.896875 0.358038 1.47191 0.516167
0.898125 0.358036 1.47192 0.516163
0.899375 0.358031 1.47194 0.516152
0.900625 0.358022 1.47198 0.516135
0.901875 0.358014 1.47201 0.516117
0.903125 0.358007 1.47204 0.516105
0.904375 0.358005 1.47204 0.5161
0.905625 0.358007 1.47203 0.516105
0.906875 0.358014 1.47201 0.516119
0.908125 0.358024 1.47197 0.51614
0.909375 0.358034 1.47193 0.51616
0.910625 0.358041 1.4719 0.516174
0.911875 0.358044 1.47189 0.516179
0.913125 0.358042 1.4719 0.516174
0.914375 0.358036 1.47193 0.51616
0.915625 0.358026 1.47196 0.516141
0.916875 0.358016 1.472 0.51612
0.918125 0.358007 1.47204 0.516103
0.919375 0.358001 1.47206 0.51609
0.920625 0.357998 1.47207 0.516085
0.921875 0.357998 1.47207 0.516087
0.923125 0.358002 1.47205 0.516096
0.924375 0.35801 1.47202 0.516113
0.925625 0.358022 1.47198 0.516135
0.926875 0.358036 1.47193 0.516158
0.928125 0.358047 1.47189 0.516178
0.929375 0.358053 1.47187 0.516188
0.930625 0.35805 1.47188 0.516183
0.931875 0.358038 1.47193 0.516161
0.933125 0.358018 1.47199 0.516126
0.934375 0.357996 1.47207 0.516089
0.935625 0.35798 1.47212 0.516061
0.936875 0.357973 1.47215 0.516048
0.938125 0.357975 1.47214 0.516051
0.939375 0.357986 1.4721 0.51607
0.940625 0.358006 1.47203 0.516108
0.941875 0.358031 1.47196 0.516151
0.943125 0.358047 1.47191 0.51617
0.944375 0.35805 1.47192 0.516166
0.945625 0.358075 1.47204 0.516192
0.946875 0.358197 1.47244 0.516409
0.948125 0.358338 1.47284 0.516679
0.949375 0.358097 1.47177 0.516228
0.950625 0.347243 1.43287 0.495518
0.951875 0.298205 1.23083 0.40356
0.953125 0.213098 0.749166 0.243574
0.954375 0.147473 0.21676 0.131675
0.955625 0.126454 0.0112837 0.101501
0.956875 0.124968 0.000242931 0.100044
0.958125 0.125011 0.000139693 0.100019
0.959375 0.125004 4.59702e-05 0.100006
0.960625 0.125001 8.73911e-06 0.100001
0.961875 0.125 2.71279e-06 0.1
0.963125 0.125 5.40984e-07 0.1
0.964375 0.125 8.97774e-08 0.1
0.965625 0.125 3.46201e-08 0.1
0.966875 0.125 1.07367e-08 0.1
0.968125 0.125 2.1635e-09 0.1
0.969375 0.125 2.15951e-10 0.1
0.970625 0.125 4.15553e-11 0.1
0.971875 0.125 2.24965e-11 0.1
0.973125 0.125 4.71387e-12 0.1
0.974375 0.125 3.15224e-13 0.1
0.975625 0.125 1.42095e-13 0.1
0.976875 0.125 5.77575e-14 0.1
0.978125 0.125 6.67899e-15 0.1
0.979375 0.125 9.40105e-17 0.1
0.980625 0.125 5.64809e-17 0.1
0.981875 0.125 -6.02816e-18 0.1
0.983125 0.125 0 0.1
0.984375 0.125 0 0.1
0.985625 0.125 0 0.1
0.986875 0.125 0 0.1
0.988125 0.125 0 0.1
0.989375 0.125 1.09245e-16 0.1
0.990625 0.125 4.10108e-16 0.1
0.991875 0.125 8.63478e-16 0.1
0.993125 0.125 1.42039e-15 0.1
0.994375 0.125 2.01707e-15 0.1
0.995625 0.125 2.60851e-15 0.1
0.996875 0.125 3.12949e-15 0.1
0.998125 0.125 3.51627e-15 0.1
0.999375 0.125 3.68901e-15 0.1
